468569
1375666
111161
133093
110912
816692
109830
137523
1345836
120737
1853728
114369
68646
167260
372784
102926
361748
167261
499549
848228
172495
76759
120815
88763
993846
7286456
1130884
2015381
80684
407887
103064
482571
107290
108052
1392190
81505
78748
120338
910970
371746
209144
2488496
120382
82971
88247
99685
1049413
477348
1431045
86190
266697
120689
114709
325980
1454468
266543
167404
110357
4154756
2267998
4154796
169547
95016
71562
434409
3659388
105236
903747
114814
110413
83658
145487
770828
90605
944947
435761
198781
338013
2395427
1392170
73486
119217
75314
264464
1843866
2543164
800369
1300854
120915
1663202
458339
317705
1228705
1825683
112573
2278388
2582802
3498820
1631867
73195
121766
97576
62622
2911666
7131622
120586
1074638
54215
3315342
382932
6751668
1446714
118715
1285016
5052448
1211837
107048
2096673
478970
369610
903624
5013056
1201607
241527
1119646
121765
1877832
2975590
246578
66921
3501632
316654
268978
1856101
947798
480249
1136608
381061
50083
2084970
8946378
451279
2562232
116282
126029
93058
2527336
1392214
3748528
1010048
1270798
378194
3896198
1386697
816711
86250
1160419
2250912
1205489
416449
60196
2802144
948470
892769
78788
470752
1981115
4574334
2294629
454876
780504
413300
3460252
208092
113277
1024648
144084
245429
1045658
120903
383574
180093
1156398
6644200
1798709
1170358
99785
796366
2024544
457430
75148
365748
120363
2872718
418279
1504320
116629
401792
1276104
295297
469494
304141
8579674
253474
1951264
1877830
936501
4633694
5463162
1396484
119654
114746
1318514
988045
181689
3890160
405159
330373
34583
1637725
162222
119488
1670345
449088
443706
10872600
3783958
1250777
96874
234215
440963
4154664
117951
373889
258463
926084
409459
417741
290334
421715
1483013
6723592
87469
1745960
71853
1457767
211915
240772
15398776
343818
829482
84787
317248
5027774
47396
1323594
2119532
1663662
364569
945513
1232829
6320628
2948356
425112
2310332
4972582
1872181
1229238
1219289
2380307
376994
458525
1727824
11286314
800080
206634
1408101
108778
112641
2872732
367882
57012
2527338
2103281
38650
441773
120735
6710474
1270797
97165
118799
1675434
831387
70047
95953
758758
33467
4425200
87332
3397884
93773
1430132
450259
1475582
6966692
1800241
242653
1477834
407304
1259521
2179136
2245084
467406
99487
1677720
1535109
83866
1298650
1895587
367594
1520211
298148
268380
117060
1596363
2379713
1343092
974015
32138
449059
3183660
830515
887912
99088
5580390
2713180
92099
119116
52357
1535108
1022603
360717
1517268
448157
3385516
319262
332452
217869
105695
120616
387564
454921
898266
790636
289043
5095030
1772341
372183
92005
446029
103639
7366338
335266
1217209
942385
2381249
93779
327056
119567
317219
1568346
101414
88847
1951265
96895
181852
369339
1659337
1570728
332280
1979320
1950186
91763
398286
356910
1060277
1411697
91042
1490017
1706620
362227
2283362
1790864
780536
405422
1190080
1454029
3170832
2584384
289879
2980516
110475
139654
117571
314331
1355644
6146586
119174
1245492
9419884
120591
4912910
217505
111257
1210166
443453
1014759
7784604
1515091
1723121
2382320
1302006
286106
1179933
79470
2085059
86879
448115
1190634
2798920
1055369
1499658
3778644
438488
1650062
100802
315327
2356777
840361
325710
71315
382625
375679
53125
317919
1630029
94721
1403865
455944
1099212
3731562
337978
109686
351283
113497
363771
3480822
1399103
1605783
1182345
386676
15239678
6334354
119094
8111088
458352
81398
6264654
1840309
2316204
8772262
120912
77651
1291584
12593682
104431
120755
162661
773262
298130
11564570
338751
230600
112864
970179
1065073
3799694
4881806
1690953
163651
1453405
1587310
319061
9376612
1409024
6857112
964517
377092
120663
477347
166924
119396
99423
361862
232500
493464
265086
790724
3032476
347149
765429
1637688
3682448
357413
2294449
454848
77416
884328
119698
163025
1542344
103776
56592
2820852
1517451
1340138
107688
118971
56172
3521164
167190
443272
99674
64116
2737304
120667
10919420
119528
1907668
103644
411008
1343727
3606756
93870
10648342
1320253
2861424
4160708
3040964
1282140
12361974
278504
887883
1905041
460649
1707386
4263482
1591095
1213663
408236
388795
360486
212720
31381
80339
2948372
47478
1371111
9764362
120201
106977
3235888
1748122
1596343
1598778
3450958
2788710
1192628
1104001
1646971
1951266
368891
6791350
462538
120601
117500
209163
4975722
328107
3076658
96283
349903
116367
7126948
475784
1790885
94226
185937
212338
7888964
87843
120623
4649466
1068680
443543
10048342
7653254
112384
4925292
8367814
190590
363163
61722
317740
7349662
389860
332379
109040
2194499
878804
413267
348150
437086
1193138
87800
5727208
96697
343660
7349950
4034228
405094
9032400
238380
1037705
6823368
319343
396269
110148
45152
119177
1133985
2935510
258000
2109248
2140479
2277860
478311
107614
3402236
433035
112471
1245526
910936
118884
53291
83944
472043
3322312
381849
1125849
89218
359950
1051906
104257
2660888
1979376
195714
1289401
120611
59578
2321549
111503
83907
118583
118688
1655442
1645170
9362722
10954984
3065204
4550098
1638355
119822
120762
100405
70735
2771200
395169
72890
1302011
118880
75860
175880
6263850
1790809
286716
1194173
2582846
363547
2004420
10366206
5442430
119008
2397535
257044
1028528
5180504
213149
448134
944835
5700672
399201
1001526
7713068
129387
190332
2106476
8332922
10838180
2582782
151804
87363
79501
147800
1856010
399146
2024469
1706593
118749
185906
75686
2302755
7984734
99348
1922777
120812
1764651
100157
822854
1959490
120804
3263904
112462
57115
401729
452623
93409
450385
5034838
63522
453467
43014
496806
1386588
113189
1650554
1386703
183649
463854
1397280
800320
97757
5362988
486576
1179904
59742
435625
67992
289765
121955
77631
1152836
1478338
379786
1041829
411477
489099
52618
1735898
58461
2704998
338526
1306980
95327
175142
116695
432283
1823672
473075
368447
3581920
838283
1231583
96438
3464902
412142
327597
1951261
74285
399295
64115
1187043
1817273
196229
50212
983193
1092026
309698
808151
87538
1424381
432348
56869
293662
80678
91064
6450804
102057
3079380
449467
63442
298203
212985
170016
5109784
1385826
181875
1197624
9140560
1931533
1234721
2184339
1731141
5580036
78346
448011
4123430
3741700
898367
9114286
6139732
118655
5606664
381681
1077368
985699
105323
1091191
58150
844471
121164
438097
129167
116996
125439
1253863
1485796
290002
837562
94737
2126355
50825
95765
320661
82096
265666
182576
1601913
1013752
409847
112442
320691
783233
11866324
4196776
117998
5726616
1139797
5083738
97428
103874
82694
7975244
455275
2322441
370263
84516
11138512
9140554
9603212
4555426
2442560
1213641
1148204
1632708
463985
425210
486655
98904
1440129
335345
338348
27977
1033575
322259
98635
1210819
187393
386588
1127180
6499752
14230458
1855199
955308
6105098
123755
7097896
3110958
800039
259711
29583
1211956
134847
141842
287978
120855
375063
1981677
32553
103772
1401152
118929
429493
246460
120669
765443
120630
74958
259324
2802850
2345759
119081
83987
4158110
86960
2334873
46912
1442437
9243946
11813216
4779682
110632
203009
72271
364725
978764
1959563
1219827
108399
949731
145660
462499
53604
6565702
120685
117381
90756
119282
4846340
101540
106856
408306
96754
133152
803096
824747
397892
2316411
7991608
373469
106308
4630562
1899353
88846
99653
2293640
486822
120660
92991
94012
1375670
80455
425061
358273
116483
120082
2209764
3704428
1628841
374900
107818
187738
420223
41959
9777666
6443346
1080016
108550
1288558
311113
892791
177789
2306299
4513678
94898
1365519
976051
2406566
1649419
99810
1462764
299658
366548
55928
2404435
8936646
479884
66999
1588173
61512
109445
89927
1464335
58331
109506
1259571
2229499
1028532
5164214
79817
1623205
8228288
17136
1964418
1502407
6806448
457939
2906216
5537002
120347
5753856
187078
134119
215750
479952
384537
82340
268126
1441395
2334879
477080
1700841
814314
102685
120917
93748
183505
479143
117705
143145
5311514
465234
2361509
47296
118571
172156
80761
112697
33870
1560747
2005151
2883512
1189340
7798634
9620292
414993
1560220
95705
2637276
42876
497465
4178092
1155076
439572
275847
36775
1617661
1489889
266915
158983
825232
8041270
295178
2719848
252866
2557490
4046784
2239822
50976
61852
3416742
92890
94625
339291
1340800
100403
2707408
88944
1436562
1606378
87182
117509
97958
84602
970416
40746
181865
96256
21749
106697
1077258
795421
1815862
15791034
7144666
296572
72431
758774
1016150
1078912
1502712
3741834
250494
4701182
427944
10954600
481499
387808
63350
2381941
1798684
4116284
3521126
1216475
1649418
993842
111282
414387
72684
450278
6718170
22100
3228774
109707
106519
305224
5848272
1013743
1220719
318627
1599348
489270
7668870
1596365
353969
1980209
1046173
90728
2080374
993840
1212450
315733
120863
112281
2231461
146316
120655
114898
3281548
120647
12037194
9639470
461770
371724
2709768
1465522
266308
138097
455590
2226417
2193021
312004
1291150
1038988
100814
272338
13833688
1132620
389722
32910
432021
499448
306414
1124035
3829266
307453
7631058
6763664
3532216
1111422
243155
71230
195685
2953050
93894
212346
130827
1272878
1217613
103074
106677
10954652
2467372
3567288
1314655
959337
44079
465538
1398426
102798
914798
2908446
2140373
221027
430922
128853
1355683
6628394
40522
3794354
1325004
114148
57076
892782
6266538
1243957
3631112
97733
75005
245712
54698
1229340
293429
265208
1935179
119643
396171
2053463
303461
117665
55254
13560574
207201
5715874
4209788
309593
2066051
104691
448694
11083552
3104988
327084
372588
1262416
363988
99938
5290382
985694
107362
478087
115798
82010
10293406
6468322
86465
362270
311429
17279496
9770150
4276820
3107288
67116
3766354
2333784
163978
95159
2463208
1972591
5308322
5104604
478304
452608
5519340
82198
134084
960144
6294822
15474916
367279
1428538
2042568
3553976
417299
42332
5884052
144117
814255
101272
97523
93437
89880
2404463
1136617
2446042
1844624
106179
1305806
389790
68473
1464540
905372
415306
102138
85334
488120
1231587
460681
1661199
2094766
1723811
918940
34492
1059786
1667889
366551
302886
11198330
140352
1013753
359013
128445
274166
108160
12747748
142342
475290
2267968
6412452
93822
877057
829150
385752
3393786
105793
116209
6155172
1872194
120746
5814060
4062536
443680
108358
93177
1564367
10272386
112851
1284575
84726
1832382
1568911
77402
4520988
2873282
2023587
7146812
96928
454841
5071412
142688
1860357
1458175
13143964
23289160
32976
149460
88258
1255953
1139328
1120985
8760708
5439796
401855
117008
91203
810819
838221
1469304
418763
73629
89530
1277953
1155056
160127
122690
1528100
54331
13443470
116583
42192
986263
416320
485947
2975578
388482
1032755
107207
120587
2120120
870154
481369
1527186
1321870
308644
93105
375912
138704
40897
88323
251127
376541
210945
2554274
7556122
3322940
183790
2170439
1673434
120188
177971
408790
938283
119345
1109624
9208876
1070874
1220634
7657566
299977
244244
380510
1646987
1439629
9484998
859163
1324999
990407
4244994
87544
53285
328828
79417
4052882
7740496
43274
356150
756683
1935859
117913
104952
421239
2209418
1411250
8079248
2388715
1462758
1188729
5052474
7846844
8244784
8466564
1583421
71360
5022702
468492
2692904
458481
442933
1242460
2234155
352248
6343314
59800
48280
3300542
11858890
94291
18412256
379725
51201
424136
272152
330793
14849194
974661
1266020
145681
31679
1399683
61418
1100089
81573
340855
44706
1821694
1605630
11291274
2357547
3316960
74119
1632701
324216
97441
3371366
11245972
414982
5462602
263488
350258
46250
978762
333766
94862
104714
307987
3289956
1446192
4786282
758730
64665
46183
120681
91369
8106534
241303
4302938
100150
387131
1502397
337563
92067
149261
293564
1764234
482606
5776858
498380
55614
1549920
33563
1019452
1796960
7959026
1267297
10234724
12801262
2866360
2674426
2494362
117731
369179
99077
295701
385880
1809398
48424
2283336
1611224
55630
5140878
890870
398165
1312171
172493
4729430
10640346
4566758
1837492
1091722
164912
113568
462322
146882
3915174
112431
1939659
1253864
1279935
358082
122151
118694
84827
25316
257106
1648190
101507
398808
5675620
1821549
96320
276751
120794
5886046
139134
1684562
52311
89881
79116
3569230
445934
780521
164052
1335975
963966
13345606
62512
285823
1411238
3062096
10638522
5108870
1007028
7040874
4016934
13320622
435705
1727388
74486
7752126
1187064
2560140
265459
120891
17351924
106918
2671706
471042
98936
12349
38787
307901
109831
70608
15679400
455407
3011894
758752
122933
85794
79522
3470600
391198
77975
1007029
161081
473705
84805
1600196
120789
70328
2180411
2243973
13442
490215
433362
70511
373074
120484
215129
24216
2372162
417148
790736
113247
5109280
310793
112642
2096672
1588170
104070
113627
365737
200465
918927
373883
32455
4172430
889583
70034
3774114
1855325
4846232
11271038
97216
1142988
1636826
5742374
1131734
1979388
120784
986264
6856242
90329
79945
120768
1571234
1615147
97351
253556
6394270
100507
87928
120888
43456
1226229
4698684
1390411
114069
5758778
85995
3152624
7737786
66995
1389072
267913
7322224
465494
413099
1618434
2101441
804503
106582
99864
1057500
70666
453451
404032
15671028
464141
10986410
3469046
79574
86567
7069210
3748172
306047
99871
92644
111070
7767422
12637874
125664
436697
424095
8097030
76752
1862079
834001
472033
110322
472399
2386490
53198
71807
76786
4530422
327554
1228987
758746
876563
79944
86979
49406
822832
2381111
1205537
86541
322330
134273
116922
329101
133751
451079
3811906
44081
54047
98084
443274
1206885
70379
266987
227538
369441
381707
4695012
1634122
10366460
83929
3749900
2543472
5649144
1615160
60827
1590193
49730
5433138
1067106
95956
1981128
10288566
97493
97742
346491
101410
64276
2854926
80487
929632
980970
93428
16419074
1132626
373051
1025100
295700
2369135
4034354
15864
120744
349683
85333
104348
8364368
257360
116705
4052886
1878870
1853739
82495
256380
2191701
92965
1528854
390384
2222042
365907
103919
21884
70917
1488555
2265171
99700
475276
90264
230011
112508
113492
2177771
2548396
2561572
85959
2034800
277296
106489
5774060
1596350
1351685
97814
117218
10676048
66206
1478964
261392
118842
1489887
1655441
1622979
5363618
82398
88011
10016180
5638642
64757
118615
9561862
2557478
277434
2402927
3640424
9421570
1058017
1714206
1144884
159097
107977
17009710
3874544
837563
7395114
10151854
2278871
13287846
88930
3488710
3072482
285403
870984
7405458
335438
406375
117438
14208870
14209916
436992
113855
133240
361596
1129442
4873118
2848292
1034303
268695
2400463
88128
22022452
69704
397065
1121931
7221388
102510
368226
93010
61811
1568338
947810
9495224
472954
780571
11389872
87884
10731256
120890
80749
10160804
1033643
2692250
11214590
56801
48545
1114740
86034
90555
216216
32551
96061
17925
92007
107120
805564
184894
3967856
159365
465602
2364582
1488606
1790886
2980592
1172570
2404233
7335184
4123432
112740
97239
8847712
4218572
13668894
105112
280590
870111
96446
419706
813715
1179056
1233227
96969
23468450
162346
4500922
862856
10665338
120783
92455
50986
88170
2510894
245844
325805
251075
146675
9620288
1488589
452694
1234548
290673
6166392
443649
107206
126886
38355
80120
5834426
281358
4731136
4686844
1496025
3195644
9243804
430105
288477
1623288
9893250
7979580
1206543
1054606
1675192
2024432
118689
1020072
2582496
2446980
95647
128442
1602613
120907
402022
15314262
259446
6027920
780653
182789
116213
1791528
1911644
17663992
1263670
98554
371606
481536
418689
164184
2338151
405296
393109
1124373
4094724
1389137
325703
186151
103855
2870612
96657
1142977
65214
85407
2274648
1071875
475394
6998518
435651
116365
56193
95631
10857160
89175
439815
472062
2431286
1034032
4225622
1482459
10298810
450232
13433802
3606752
86200
1438176
1189073
5834204
3531824
1470827
11126994
355295
242423
396555
7660850
5074352
2305051
424345
338564
102059
409182
842926
119303
832266
765010
58385
1017460
1974419
4468740
115433
109444
4955642
1980929
250687
12584954
119164
1758830
110622
390521
106220
11358390
65421
77766
292963
454945
1307068
1051904
4857264
4572514
1616195
91474
55031
327850
227445
464154
247638
14230388
92563
67023
790686
1524930
3359350
98206
433383
100758
249462
276919
243133
118887
4438848
418819
762107
452702
2649554
1119644
93629
1547234
1086772
368008
3581652
54997
56218
154506
122718
120184
43265
1334260
1692486
77745
1204342
12261776
1001508
56217
274558
103873
104694
1258197
251160
427327
257076
1298649
18925334
9288030
410297
76666
844441
2312718
1226273
11280740
6741278
90305
345950
10633456
56923
8155288
113749
3224458
795176
235198
397101
245574
137494
119229
5028340
3605418
3882082
1536044
452637
5171438
431197
1606375
102266
1477076
209958
114214
2139881
118928
8695030
17024450
83511
1440728
12003946
1532503
100502
2199571
264616
86393
1682180
57546
91419
48728
1020530
129290
93389
11003218
3513548
1915581
2241351
8404614
1924435
2741602
4998632
298814
10618286
430357
190138
467197
1921064
1985966
343135
102975
3850590
384806
22687790
105417
111280
61184
82418
88993
4786824
1135503
2404311
1259528
386117
3230854
1854564
15789038
3691740
2261227
14998742
285331
3381008
13238346
98439
5688932
1333125
115685
4481414
1204975
455824
91605
82406
44741
1985949
91326
497116
1606389
5971474
2567026
253754
2170593
89686
338337
328880
449010
70723
822847
3713166
407362
431308
1536537
3717490
7984766
9253284
14539740
104797
119395
17526714
816442
1506999
3316948
12263384
2763304
115759
5687612
15325794
1029234
383028
10574558
69293
9784798
3920596
1860213
2592614
277027
844708
314353
6027912
120657
101889
2057392
337741
6257970
393162
292506
486946
119738
88939
105690
4682266
114508
815236
10155688
970866
120102
405325
362120
230030
88680
117666
8633478
120694
1904996
1201167
300471
1467304
165598
305357
2304933
111495
7014006
395584
3398228
118617
118883
3387520
1038686
12789558
62765
110478
313542
164181
1174732
356634
120873
117318
61578
1937390
7939766
427152
455760
113409
74860
462504
6048922
218967
1397514
75029
1034415
115963
95489
91251
6292852
6924650
1911658
23561236
89885
114388
465580
69762
164334
280707
2203939
116908
52561
5719748
99582
1586680
120780
113161
78841
3322314
2661044
119137
113118
7160372
59113
979432
453562
106611
98800
169102
171804
6189022
795368
2017038
8178634
397535
8503618
49366
1924429
303816
9071322
4651520
480255
384793
384766
3410834
156887
816462
14966898
10323
36342
101452
116225
293508
108037
952640
1615065
348836
8613070
9362930
52520
400717
808279
1726669
86066
159273
367959
120324
335245
1137450
3348730
277371
1448755
5503686
452594
150377
245674
988595
1486217
1843230
385004
206512
1442449
3203606
2359024
10539608
100935
60028
4364194
109254
487831
1622547
185183
480687
1634106
1567609
26753003
49833
21814
416236
2334649
95031
5164432
4501244
2381991
337921
1327773
1045778
1412386
108394
112818
1781922
265349
70909
120902
36868
87277
286499
2481498
362478
119099
10919380
138749
1656190
1592525
13207736
5057054
8385148
5294550
1126590
14444726
7401588
318649
416315
975645
311289
72500
66026
99365
1778304
4777008
46911
69995
1073498
103359
6878306
383216
120889
404203
349205
2140379
107144
1502404
99052
49223
366627
105665
804497
118998
421073
138524
1408253
1038919
2193215
2387433
5433140
21807222
21235248
114558
2401878
8398600
1512235
340163
120844
3949660
810913
9347730
185431
4287320
1860242
74812
92086
116136
425123
1549572
10059518
2051879
85636
10665342
83131
4954522
7049682
457510
1212428
6027916
865556
67185
443489
3513498
3416532
460791
6921996
223897
248667
9663764
433400
1405406
346156
82085
5478478
118276
322802
498353
1524137
10545296
401383
450188
70355
795351
357277
6977338
2884206
1179034
1450321
2224026
1213644
960731
1323045
1322269
26138
285742
2172934
1289406
342258
105698
413573
81633
247745
8721424
1242432
2937898
89907
907657
107822
114924
132477
4361050
848537
87803
1564585
1232200
107798
264235
2503944
1956620
137363
14452776
373926
101393
1083452
1315981
36613
49470
26029
343737
109813
799949
1602620
206314
1053424
127536
6566576
3861390
2709692
5090568
98258
97937
32904
1155592
101761
2401256
1023114
811080
98382
428803
8350360
6265828
338095
124315
212671
2125435
1379182
90863
1212419
851578
1433108
14138650
166896
386140
77928
1528071
120461
1860353
1618442
4589218
1027718
4680182
2049403
114436
112817
30341
412019
12412888
1619029
963794
1172049
963178
4575576
96734
27489557
477302
402399
10168312
397306
107943
3322310
1396218
1961175
274812
4139588
146838
289992
301357
405508
83791
1625346
1386932
1568921
82348
155267
307479
1540133
81455
71877
32599
16277242
377109
171363
316356
363589
139414
4283088
3322364
251736
3063516
86006
1714915
120885
53472
1826940
1241317
94332
457400
13406094
7549996
469641
8368406
101700
8009428
116778
87078
105151
106965
6513120
1240982
1161864
4003440
1082868
120179
1078940
9411972
120787
20629
7456310
67800
2531344
1509767
92675
88161
1740707
178868
290978
422720
114694
165798
13623136
53221
63462
1571222
365830
5215952
3215824
13146488
56687
104652
99371
8772296
1751634
203019
11315808
395699
1655420
4016454
6053438
285531
7493974
1486185
83972
5177120
1095217
1657507
5691552
11057302
116409
186566
20215968
8580274
2013293
367089
219699
13375076
2301451
387898
74156
472181
168629
8806524
8110652
2370248
120832
131325
1517260
240890
480242
270288
203119
2377322
10342730
117333
46268
80745
480025
87298
250797
16426418
5657846
107808
1131729
799934
163988
8663516
1563738
385002
327437
119978
7550000
1293847
113101
14846026
4560436
89469
106364
1216487
82158
3544112
6475714
118607
90859
132347
817230
1321511
111686
443701
29843
426592
116683
2428170
7638348
5033998
3420504
1839578
1219342
2575988
3743822
119468
77405
9224104
119190
103241
118771
29947
23969
76618
808417
2431438
450345
95963
8629748
280609
1418377
110074
88286
3622592
15648
1034314
102803
91790
7043012
287717
141926
5073642
445922
11145118
1608290
110932
89755
4508902
2105044
120632
211443
6027914
5884796
398712
3099498
4230076
119167
290095
213338
2002718
10970552
479997
183523
2568862
13841850
452046
101921
119051
91167
458290
1034331
465551
1491044
1924396
1029360
84503
93565
58946
2347569
119173
1045772
113481
104940
364045
6246322
68699
236493
15324
989757
88933
256415
279600
100263
6111574
13649112
248654
6133466
4877122
267804
1972571
805570
1758810
2679042
31971
233469
86197
790628
5657856
301470
3647498
1486192
71222
86837
26047818
7599146
99422
204946
417
286112
130018
95271
1413492
423294
271367
120738
256009
6911608
1385867
2357129
8108198
46359
5247022
1474684
146336
873886
1235166
2357291
11691774
117802
9214772
98536
340377
1839492
101862
193676
758766
3892172
483607
1086064
1582507
6850820
1605717
105812
14500888
3554046
995039
1740299
427392
313737
4495098
93191
79367
10304142
2823054
112401
130623
92400
213847
1196946
78935
104036
112461
5113044
4547056
1679335
864835
4971344
261983
283111
787475
110005
19254
68327
144120
498399
2132285
5348176
451094
95742
882977
113957
9731534
3960412
91949
89670
87985
1020558
88172
1067583
889573
2990140
47437
7125860
309987
95497
1614989
374546
99253
844479
971209
60345
2788316
53779
13314558
1230414
404390
468489
312528
316396
420294
2436386
1273235
103939
42546
50613
3272066
21942866
302640
103786
338459
1569923
120177
97778
6802400
1185834
89767
1311067
904208
1055292
2932536
69113
2106361
59646
106004
154420
450314
8637428
116040
348333
83767
1245112
3530002
7153766
94074
139809
109424
4332232
101587
376136
467200
11233960
3168230
66434
163187
115736
70510
37008
94889
12536294
208003
11464826
1195478
1341167
4853102
185125
46438
68182
39628
914863
102492
108525
2910814
496424
119925
111507
65462
72308
396752
384680
462465
804461
1278340
71402
4532826
174856
111149
287467
1954470
56058
73802
1865718
1355630
1082807
382077
1220198
3522806
1000774
387877
2545118
8075192
11823076
133952
329575
1704573
95294
80661
6214928
65207
374887
86425
57413
3118452
4682786
5726086
111301
1135985
87050
480669
91209
4633690
81283
10857164
2226597
4281724
494238
1742334
1538403
61735
116253
13016388
47528
112722
5834262
2262227
1130080
1648179
6772950
7347846
5232792
1365050
115964
109446
460627
85750
57193
2628232
1327801
120877
348914
8267604
6663582
60176
426883
19770238
6679794
1336608
237572
46303
115734
7958736
111438
91080
1219024
815245
795461
200550
3526078
8623904
147612
83922
10514222
8526872
5220122
2279373
2119543
94947
89791
5697572
120828
2452042
108255
328832
205000
1666801
93777
1540011
14403178
9198364
18455
94761
93300
499556
106226
6079516
94964
6738136
12262202
87553
1726592
852713
2313197
365686
331632
112579
1711525
120749
1235522
1234719
408839
13452446
97123
86383
983946
817177
368909
3014866
1637706
11755740
45793
2382009
6673612
108598
2402157
107211
475293
3850214
317648
2188671
82186
56197
54953
67328
1712261
68611
97815
1403981
21064584
478134
1093357
4465564
364970
8368512
1456635
477071
821640
237534
97647
2788732
139239
117887
93260
1216496
3717252
1638002
110216
83530
2109184
96933
14509110
371257
386032
93605
1196141
8688634
841046
8589698
38109
2724064
13403046
120131
9701940
104815
84434
7016936
1655389
58329
22913
7282468
4513674
166813
4540710
1430607
4189022
427312
65126
4236770
4913966
82533
151738
493430
1436045
371246
4595882
74483
5788792
4430212
317303
1320261
62229
9777644
317198
272020
370032
7985704
173840
5323662
113540
47034
1297919
3716530
1191111
73650
3332064
3045616
112682
452625
118548
8420184
181316
2005374
76729
1772240
15567174
54387
1226837
441909
8110640
113071
145531
1448754
96463
1126618
5924366
4244998
382628
374102
1553656
69281
63929
1186367
453556
1991245
1172994
6491178
1667353
160862
65938
8359848
1164999
387199
245562
214341
351977
1121096
185371
6587046
15318872
119715
104684
1620680
24184
5114356
460740
315983
1695360
6027908
2717822
466909
4158096
374463
120679
8093700
91541
119349
73341
80453
2631186
1268799
2249364
1374989
6902676
389557
1355631
264472
2170299
1572315
218839
1440292
374536
986233
85382
13622776
57129
46534
901476
2025690
89370
2179116
1001520
2649356
14641788
97474
4687108
119675
289848
1430626
91225
1800246
1990314
97981
220506
1226774
1489428
3647998
91530
1371150
111742
96764
4622512
2234003
10370710
1355642
3416828
89173
462590
14114802
1075747
109836
84855
1149362
5710974
1846589
310775
1527788
431021
787474
9170108
1280558
62803
385887
2076822
2395695
228333
5491994
1216492
3530232
1567437
2089049
3661210
369436
465624
1098327
35423
477051
95174
1788391
367110
98724
162650
3986820
2089051
327162
2388771
4635282
1869454
7775622
113198
10365998
119707
57565
4136084
88000
1023111
15009428
146309
93693
328538
800308
1034389
1870479
8784956
281686
90142
5613484
75784
103956
3829920
91129
89092
5535276
1399664
102511
4283094
443536
7520794
4916630
98621
7909970
4538072
181536
124298
101917
6048596
2820466
78767
362165
120053
34248
106246
1628033
210070
1352824
120913
97388
6820256
44121
2301455
2699128
252076
1229822
1188996
981227
6920084
12758060
98627
970452
120157
86491
13024674
800069
312172
54167
13521006
119256
69947
284837
3973198
1313092
110989
970411
96487
4919268
304669
13640696
879870
2166834
1226753
1559547
4139124
1103153
2403021
318462
98282
97202
93640
5390504
449089
90022
1320244
159206
2387499
107978
2089050
5691670
446755
83190
356618
113243
1821480
89155
165929
102945
5497778
490204
1433811
9100054
1971325
1204977
861739
5461944
239395
51459
3201640
463034
1687901
4520364
2191671
2039393
103759
2980648
2884018
2788432
80516
2387559
118972
476964
94963
141369
113824
112178
105265
1881002
2149175
7737528
120791
1716772
2118624
457513
884732
365376
6217306
815241
1781769
427229
91149
70849
426931
1486834
9686708
862846
13274016
338094
98067
3006802
292490
271027
406816
29623480
3205802
5420376
839980
106701
2345737
90633
7462410
59026
5592248
6803046
95444
3846674
9203694
387575
401445
460091
106673
66769
105435
934814
2837574
370986
2230358
250258
267626
264935
427470
10160976
2879552
114681
1702439
46876
5918982
1043813
1014763
419887
414852
1116184
63385
313443
296042
102494
64505
1976009
800241
1703199
89457
87597
10696896
2614684
144214
155975
40506
13651794
14688458
5710514
8550800
10403420
14039582
831887
1075417
243585
364845
6226232
871510
5672290
37884
51744
87995
5168192
1305826
1753383
115167
1190539
2937696
1179891
115641
887261
2752772
1258972
1838556
4532368
120148
16968450
107076
6402468
2358891
15255876
52077
4255304
185014
1562872
95179
378109
10855768
94812
4179452
300556
39689
43338
1190536
67065
199753
411061
1655460
1893256
219965
2361317
10696784
104231
37558
2452244
111255
1912398
7504726
388419
1825157
96163
414055
1210042
2234222
1178663
398017
425413
446059
1197628
401997
103060
3007512
48028
2350496
8115900
109045
455538
116669
861689
5610554
377818
113253
107302
84707
254686
20530
7137906
1343097
5113040
1645089
10944760
2083383
421238
7734218
1683526
1063669
79714
67093
99528
2125608
4995540
1555149
4044364
89822
1850457
8110232
10168670
304415
115751
4624424
99763
3472226
2273657
4443658
463998
264395
2872750
1270761
2017109
1640459
5093026
770752
3758172
1987680
460829
82517
68833
79588
1462041
9612516
102070
85549
77681
190865
112346
1767354
109190
335119
862467
73540
11426232
115157
80801
6742252
4849438
3553442
72251
2654620
2121382
297284
100477
58777
242519
9844522
112691
1600195
455967
385307
445990
780622
100258
1865505
108002
318155
314979
115956
2390361
1898069
364385
403702
151137
947802
100944
3174376
1292566
89853
5177088
110367
113326
2382396
6654210
1078588
1172233
1971352
2082197
1591479
1175491
118849
109635
7557108
100404
65724
2404425
1845307
492956
1308729
84649
1441326
7740510
1124037
2718492
285492
938330
2178784
1583420
3083016
5189670
1220617
243017
1232776
4995790
2294189
4273800
3203616
3086442
408345
82933
1598822
3475734
92513
35446
86320
51036
5710978
492044
92076
97659
106598
848557
189998
3385524
106145
83399
94336
1758429
11743610
93886
40725
5962210
104868
499097
1661382
988047
344510
804484
1126591
116830
787524
327137
83564
1830617
1255919
94137
2870756
5709230
397313
78480
3262342
2467046
95776
79641
410975
165982
45061
91059
356721
1764183
2333804
70707
2542420
1316536
5649108
1222817
74751
4093826
60665
12262116
81353
892318
1561755
3387542
1185616
5246700
99939
58182
1291570
5867314
1727776
92493
362225
5536736
1714203
2328900
8781414
56443
98384
4765284
2290780
2106651
3312830
5968394
9783600
2669336
10682266
6306064
1859650
1231580
74937
34398
2461150
268995
491175
60153
2375692
421054
806203
82089
111756
1999995
1748179
6212478
864761
107616
3715320
5709242
46672
2918436
462200
9701942
269347
3411444
811138
48750
84522
1441952
456554
1073105
309377
12004038
117589
13669038
48605
51418
120631
5555260
3866850
1243974
1791682
108333
13157618
73707
117631
49261
90180
109642
1181791
856288
238546
329774
2450186
6571548
762125
209475
90056
92610
42041
5814534
14164730
1748227
1612774
2101341
119874
377062
97162
6772802
96787
107131
5117670
107254
22048412
4262980
1366344
377471
260866
1596345
102536
7772580
1800302
60390
7908628
55018
5580146
258153
104389
1711425
103893
70334
200276
368933
2452386
13159924
88794
903657
7826376
2103254
3322420
51808
14109724
4068576
91217
1840417
243736
424774
462335
8368408
244365
61747
58536
62711
114781
1587707
977855
489049
87781
67588
2058673
112715
42593
118956
3169706
88814
9319668
203259
6543652
107554
4799050
8544498
2103217
466342
68098
41546
11655202
3205376
165581
131857
7203552
243655
240515
297884
14549466
1226681
2888046
1298644
9115530
356680
8503298
305711
125659
2091935
230838
1772264
12477480
8740790
47673
2473682
48021
73582
152930
1674771
106387
762073
107034
93560
37017
56937
109068
118480
255798
1464580
880578
2402101
5516328
4477536
220880
4761916
89374
80360
413895
6791096
90967
91867
86984
53502
1424432
107050
11024272
2223990
356470
2403776
369735
2231253
110997
13223398
12749596
2576852
4827558
1327194
82509
175058
369702
95253
12888462
327679
66817
2891174
1235099
1135084
99329
1389096
97027
88850
9110170
2396589
303361
105414
1084950
1480656
129332
85809
38991
68408
1473832
3860916
1727770
1531901
5774450
2243537
1374992
111512
67525
6517102
5865326
4154916
82846
89489
433387
1369706
76162
180073
362269
5563334
104361
286486
1031280
112159
160797
412080
375210
455857
13210838
2172584
5296406
60107
1069238
17076046
66473
1321860
10327252
120686
808146
1588334
113972
73631
5016504
452598
116287
1216491
13405778
8508734
10003008
77713
286244
2281587
211933
9691136
2039338
4463894
8114980
1270262
27534307
120399
86154
377981
247425
8912936
50783
115857
9412098
57197
67309
305206
300051
191397
817538
6341832
5500218
7315484
2547584
455499
62467
63227
55824
2091256
8236336
105104
2205697
1117385
1093908
138304
266489
419677
228750
10039344
368709
808506
268397
65988
6467266
112950
406759
11466222
108122
82432
53946
77413
6259380
3881784
491738
104291
74811
15255288
7569592
3863552
21692408
1043726
37382
78723
23245
8134470
11957006
1321510
5709236
55830
85244
5580540
1637727
247082
63374
1966604
94608
69768
13957560
7339248
2934286
436058
333780
8206668
1783732
338466
3813310
2053425
1754656
2967224
77394
107969
36855
42208
48356
7374948
5709250
804522
1321509
112870
1093370
11851548
45810
28950
21867434
278238
90887
91738
1586752
11301886
284490
265029
2702724
1658837
82869
2737050
1530509
51554
23137904
92106
63415
26778
40724
47573
4257858
238784
91777
7905466
6000478
430304
146984
443632
852863
110366
104029
5431890
76363
91499
90021
120770
4815122
1291580
4761112
98273
80319
93692
403358
2479478
120434
436339
245686
114287
112896
770703
1672723
78908
104692
53459
89893
318403
58586
2103188
4669986
1175709
382992
117765
61395
2515034
347618
349825
94142
2364841
19637052
23137390
5397194
3339966
1262981
87262
427969
212712
427309
1225822
104437
9016974
6359956
2326554
228786
119558
6524350
432291
6472976
844286
5710976
323944
118789
124198
838232
2639336
5690360
1166100
1594562
3774694
1235124
439100
34240
61452
93507
1285009
115571
13991232
9288046
6470478
12327578
1273678
120910
116313
2180339
242527
2386296
9214832
1606392
91187
99044
1850397
19500164
120032
3758542
101765
85811
75066
390022
349710
814022
891527
26736843
3450650
2356180
21192142
102034
25878
46816
1308728
90060
3280262
115988
11737520
1666186
108147
245803
233142
1470023
6476140
3427252
5186714
105121
144528
43278
96548
115082
63950
5710984
3718778
810900
489974
11525644
108330
808510
1691917
12921446
67756
51622
2531336
110167
3504048
5058700
805647
1139668
1709143
80491
4714782
498381
1032846
324133
2388725
1742044
3799232
116477
298228
91828
38559
379217
10121392
77269
3513500
9335498
14858658
72562
116277
5862312
8080204
6781982
1620981
68638
2140553
6802308
4226388
13918776
1286537
1567432
114787
40525
116905
23427
34587
78754
1361336
5775846
2869728
347304
9812474
11196036
1741273
257756
1571249
11161474
400497
8291806
104409
9139220
297181
486583
4481514
8404256
10620868
2283748
962726
1261945
169858
51207
1548850
72443
240468
67128
92699
10795658
420293
1492966
2375605
464196
470705
1300851
125022
6535880
204313
6398184
779982
2112124
8239946
1186830
82136
3398268
5363918
275137
1695843
1869716
71615
5607976
423977
804555
251114
118954
3401882
2726560
117894
253867
97108
10451914
78966
120004
91778
78718
68762
368794
2368619
2802154
2261331
401711
13603966
184858
33045
99141
8064302
2071645
493405
91877
1698641
2638144
112792
3139086
229260
10298840
1179031
88889
10886166
443473
935075
91083
983213
86637
1967545
108065
48473
45555
36244
9053874
108238
15326988
866439
6908274
409591
437863
95925
1531663
5748448
4283028
962736
4385888
1647668
118421
8714904
440803
91223
14992922
11671006
7681902
5516154
8758202
1232207
1584016
70544
425637
365485
77869
758794
118375
821642
107659
89941
881320
109117
103905
93756
3616916
127723
433386
2528814
3064298
1578275
1426329
397442
110527
37913
39192
80979
8075496
780511
369226
6077448
115147
1650043
14500884
482572
11318602
1837709
235918
80179
117331
3007572
78446
63518
107507
1691916
329717
475944
76740
121220
5057140
1578873
108174
61809
388125
3922818
421082
118661
88484
804516
103584
68935
158552
113862
857191
273923
2980210
191754
110950
4769836
1135487
457433
1053810
1674784
11337862
76009
1683088
21454134
8361028
108941
26752
445114
338188
9086228
3152592
10095582
375568
106912
78869
299930
111127
479528
763831
105046
248808
82031
4080728
79844
13052880
97499
48281
3750872
4288182
3077214
141109
5580266
120693
810788
181984
481141
8134186
1358522
118636
366174
107653
38348
6079772
2084989
1160996
10310140
83946
2076220
816556
82782
1045670
14826022
9426210
419294
120255
162065
3291150
76723
486551
75213
4190530
1176740
3758814
9100018
456144
90190
2935476
4301160
78087
87909
1586265
109348
8356942
1462059
4635276
395251
328589
5116302
4781612
272207
2708480
1072748
92796
2870648
80057
22408160
395972
473444
760329
452681
2059171
8151874
9072352
7547410
120841
1341188
165854
422401
7329656
4834206
5294518
308379
72081
4758646
67959
2140619
2463288
810922
292644
367479
11252248
364343
6107548
3501584
2910904
9340860
3361792
2058107
108308
14856980
97770
110729
35015
8416494
58083
426459
68361
6902332
367652
14253846
3181822
4593060
1023481
97240
139668
117723
73440
119360
5709234
14128670
361127
114852
385267
1937149
1798188
3808342
929425
3502248
974959
1866249
8415836
387764
402910
8421350
72856
6436726
266452
385700
9619798
8291284
457419
113987
33729
1480055
1656186
105477
814335
353049
91630
117038
3390572
3387648
11909878
190641
3286052
93818
1626146
4270492
765476
181739
282209
14544192
4477976
98546
455960
157246
4972
2317225
108071
278731
1639426
11152168
118360
5523010
28010
38574
4048272
3833480
219854
1529572
257516
2268016
123964
112883
179626
416044
2591814
851851
1924245
1410063
423866
104187
15435876
71129
114319
89886
44008
47849
119223
5208252
1641349
926129
1172991
240462
3612126
1199099
92359
218922
275491
8690918
6182908
89560
2017020
429589
3824458
2294677
67411
402901
96071
14852808
1414382
117918
2249007
69945
2377938
6141246
472160
99892
17527468
91635
48960
7664504
252503
2334871
360201
105643
89908
271668
1334512
16300962
318374
383010
120595
813547
5775874
1730768
3721936
1130988
11116912
1185416
11304740
219653
104454
81534
138510
1226271
301199
18773
337876
90685
2850386
66808
2832378
3060782
450405
72288
59968
45888
6269368
6938828
454082
404030
331811
1214962
109303
96794
1823664
1976000
112453
1615918
172684
35279
1665071
60397
5775864
421206
11198810
247199
363226
5932728
1403177
117108
92324
2473510
11140488
3060910
454970
1462769
119951
58700
896798
61107
443465
3666024
1535616
988824
3155298
398375
1713476
1152398
55032
5304992
2771372
2637294
5462326
74851
11337908
1613750
8850222
425430
2632424
901487
1242422
82118
119668
93148
9288822
11827628
8712204
354899
2618986
2140203
3544082
67140
120524
1439572
2756032
2720680
286788
364751
317676
14659486
2265398
266465
332047
437745
112130
184111
288045
3612616
15097216
9813792
101745
85859
38733
43924
162677
1464763
86856
305669
233298
120731
1703148
11041332
68555
1758692
1838544
454824
1596346
265298
114576
6160448
252501
14429
48261
959621
7423538
93936
2567712
101764
4537896
2070791
107387
3230454
1416801
424823
1068242
23849204
473308
1421051
1294226
3060952
242193
248126
1959332
7949218
5895028
101516
92925
7008872
101188
381966
7946422
68767
60315
479537
9866072
102526
2317337
388473
53976
2938956
98141
10275534
211181
65234
388789
1942612
62138
113819
7137380
114194
110598
27503384
332375
4348012
16358384
9446688
795493
465203
10811166
9166696
2398231
94540
73312
69495
3060860
76070
73705
70290
871426
94006
30993
60666
114614
4593118
77294
76141
1895315
329200
313911
5613056
71115
460780
1017451
838247
1255916
4030600
1182937
65377
95250
15153532
63688
29870
1851398
104254
1710308
4334266
6348138
93185
13309742
170691
3395184
444682
3319920
114906
112040
1024943
10612922
278435
489237
22041854
221218
131409
790604
86216
275277
485985
2178470
1402488
298845
5198068
38669
280486
1837703
483726
6324278
363328
115491
7914416
13365348
114720
110308
439
81375
86993
2930604
127357
116654
120684
2084342
124718
3442006
5783956
50105
1232783
113845
3014284
61655
1972779
7605074
8962124
101757
131613
84777
88184
56119
9095424
102250
81070
100050
190374
775440
1430612
469021
81562
875034
88526
3060858
65143
1449283
5651844
101605
99703
86927
9398640
119807
456912
49408
327247
446013
118708
3654796
4273292
8162428
7139936
1458169
5571734
405336
93378
105275
81383
397078
286751
100994
2023453
430912
92593
114857
854678
74174
6195094
775529
257568
2358925
15747172
131369
116361
294870
6905686
168366
976238
66011
221073
105428
89013
11097384
202677
74512
75223
1563742
20247352
9815454
120751
388629
2016940
8740976
477139
800325
101120
8722346
1598642
83943
8201852
6452574
113117
3499096
1313104
3866862
80736
1234654
61619
7569576
1466074
101640
50539
40068
460989
6315640
7440726
380389
116126
94602
12731980
139699
1731697
1422136
77523
2023690
108757
1010271
119215
3866826
116514
107843
1759761
38762
38854
31885
19760
329028
308055
3416744
3231054
87799
1600194
324554
6218358
1560985
485601
377713
206275
65571
1521197
9059760
9174558
239948
1477837
279113
163507
1265990
308152
2326612
309530
1833673
365929
424993
420238
100029
9698442
107665
6968614
808357
490076
45274
83624
9806192
3672742
171433
306685
96244
7711170
10314450
1438254
2027128
104850
82377
100260
10999120
96332
3089630
32484
39302
6333060
1942614
63823
48254
7634968
2304589
11127680
92494
377091
4581576
2098220
421357
2181931
1244754
1401143
7550014
1734493
88206
3848892
1839596
6521876
77711
71411
100419
56732
93493
110978
13453006
9606374
115697
2493486
5886440
1780798
3165612
54443
2040560
69467
1285241
398913
10752004
111143
1411704
1316037
14153790
37059
25452
6020810
84917
51378
10223460
999913
14500890
3097204
372237
10530176
1772288
85701
84988
479968
57163
119314
1496422
1787988
495596
4422836
93223
97737
97368
105488
1851397
67866
65528
71970
84021
1442462
107952
5712554
9544034
8108202
123948
5619332
427954
112857
347246
8369840
12392504
56111
73747
1837642
5654088
1322312
280665
1649444
82307
110877
1615550
1668746
58450
101669
1935156
16220
2100976
1152758
67824
112913
7456722
2071550
1134854
2620590
9419056
2944198
416508
79261
449487
368578
1178665
16428256
1686821
120483
110657
1660648
5618256
13567480
110955
5302918
12590266
1233301
113041
12809988
490086
179116
100514
2537176
1767382
56085
105226
2235695
4978420
87755
37638
5875444
4593138
92718
15339456
421729
57345
1336617
845046
19864802
375173
12908110
208988
9196192
2490326
8291224
1276419
372824
94525
118798
59183
2091473
9664108
2555736
113419
82783
50086
4357394
102768
9121530
1645080
5797184
2378507
171580
109127
3139072
417217
117247
99739
94035
2303687
1667310
3203528
1381404
4077554
5645432
119683
4387040
1694020
1266029
923752
1289403
2473794
1073241
265087
157503
91557
74452
89841
5640450
95882
1798603
4504044
7772588
246894
9018736
3564472
1213648
9698480
758790
10065694
93137
88509
10810424
15354916
1245104
972534
5775840
343314
8242084
105629
82979
6156584
9466114
7510222
2991224
72926
8522006
3256226
6304046
7242142
118604
1763303
790712
106080
47522
414853
2189461
107692
5816682
9660182
1477715
114478
50419
203230
38890
166396
102744
1829962
2088003
1282022
80025
106770
1117563
403508
97138
279493
7424200
3520702
247586
1931435
6882604
1758795
283509
238936
76538
420332
78902
2097298
383222
110057
60522
100998
45897
3247714
1568322
9051908
1261978
56241
114168
85970
72417
5825380
41090
22958
23649
65063
8266310
300140
95243
299172
313043
22286
4159076
74028
357507
910554
259288
14659496
119731
5315212
8482972
12873562
5322012
3658014
1664529
402894
1633356
256524
2647544
11976532
94025
43208
112230
92345
119942
2349144
3901826
1865567
98577
118747
997152
5770786
1437358
109520
108162
114367
4474344
4267026
11198334
9000224
316732
881891
1423995
107007
383126
87003
1032815
106881
18394190
9731598
10228134
112760
33804
187664
2178798
1837863
7911942
70239
103767
106950
242998
77663
98354
4687880
1195935
120008
457572
6198946
3921180
63850
3689498
123865
1535438
493459
410764
374455
119013
108473
12004706
2758880
14257582
9873892
10161330
2301453
4176826
52893
9121534
83798
1910272
120265
111958
2404461
6020876
945571
4169250
1772925
1954347
4122068
325655
1307824
104009
75968
87957
115624
116191
100436
91288
83630
38057
1837862
4593122
27731608
97637
775489
9185206
124819
308383
80855
107497
81912
337692
7608028
7149730
376968
2309961
120696
3487382
89869
29268110
1303828
14537248
83722
60550
64349
35093
262150
114682
9121536
96257
55683
4218696
391304
13751694
1590089
5155780
14914430
3289724
3722070
102587
71577
9166672
1366365
5112578
58430
76590
482599
4701724
130121
78163
2301449
1829964
113820
7838252
11032374
76257
227984
8068860
830558
4935372
208874
11905962
1814621
1031969
412253
18347622
2452254
9166678
3489184
66765
69089
4047038
196216
954947
486358
59825
4604612
274309
3721964
15747176
6095472
410097
800240
1235189
2076298
27125
892255
360009
67927
10329614
4005402
14371878
1360860
12844910
4648786
84967
85894
117110
11456054
5655178
2395469
79833
104466
80923
53488
84695
1442464
80569
74896
65134
1227926
2112510
1829963
1837864
3317234
1103275
10986222
410377
1324059
82334
119237
863046
81114
10481868
9682428
53619
377107
250223
1182350
41094
66763
27996
1879016
94535
94894
58898
91886
2085910
5935704
5929754
4986098
770802
45891
9059704
383385
100318
82250
2339741
95889
4283016
7587890
358135
2097307
96251
2799166
278866
2101383
10155932
295427
51994
98844
7768848
1942613
4593124
8632862
1894476
8652728
260991
95675
316465
1833116
1712170
2793490
88117
8372298
293715
384642
47472
934706
1462900
385726
147746
765120
1494772
1673430
1480295
2494376
1517489
13966962
120802
114608
89118
49513
28212
54067
2189771
11150494
4593126
85404
119141
2072233
1942683
7772582
1413495
49902
105950
1407050
437179
1798632
280249
90163
1664530
491152
100140
80716
2006295
5775854
105128
1247640
814685
12708542
150662
12676326
7280898
1054724
70948
4593134
9683478
115200
128278
4934950
7725596
100054
62994
79540
3148266
1198138
9354944
3976144
199626
26470109
10229558
30321146
9052870
4669788
95690
379557
120901
1603257
1193631
9684220
5541240
70698
9573980
71249
476735
43137
13052856
7445494
3824386
50371
4733624
117039
112123
284978
57091
120458
71994
3428912
120633
10242388
10962368
7798604
104779
94582
2816136
1984153
10888878
1620446
84745
14169960
15257160
16116174
16366836
83437
32145
9601584
2473602
112175
3172532
2494280
2832470
994314
1934231
55852
1083456
1334553
70016
90357
240510
857265
100133
119891
82817
384286
4283074
2176013
9781722
375154
1314228
405469
98213
20256528
1821658
46126
41113
10161334
183659
102558
64040
102015
4593132
115341
458254
419984
11317142
1046163
913354
1139592
9737326
3177316
4131606
765432
407265
2872518
9288692
2784678
8760684
419749
15574270
31725
33717
1054728
58576
9130508
27731623
7504818
113670
454919
2386404
6473300
3767372
3297330
202470
379865
258068
2034031
90094
6511932
51411
1372686
1562871
84237
8851668
242445
437857
1714208
117407
80365
39420
72730
55798
60862
51525
118111
9121546
10161318
57427
4593128
60955
117107
455565
258470
1645155
164212
1205535
5001754
117883
2172985
320808
126916
482546
46478
6932244
1379177
88194
350261
55499
1723816
110443
47136
88272
19854762
1135300
2301463
86687
968264
5734576
1431181
1267295
461936
90837
1684233
489664
66819
331468
241760
3866842
386064
372532
6987770
88559
90390
84865
9253866
113986
419946
110008
2965466
367027
378947
292800
97257
1425244
74695
35140
10161336
67741
110857
866442
1204340
279967
106375
347473
254481
1935896
4595186
132245
1024715
785035
252444
2383068
2994190
361243
6018306
55277
472198
9788484
93075
71455
1512685
2309260
3179568
216651
1174954
112572
50766
16304446
4073790
113228
85255
1971833
2781042
73018
444653
116329
1588398
13833978
3922798
310910
91954
236784
1160368
160184
2004432
83111
1320291
10731768
6161168
1028576
379889
1598828
1340107
4897822
80549
6769208
13610562
13327038
104558
2384811
82288
3581932
89114
1640548
9055008
6495056
120176
1340094
55184
28597
1683086
2069318
1054725
10161310
80437
98105
6116856
472027
810988
101775
6865690
5626028
805663
5144174
120577
95583
4383594
62376
2402207
296310
2213054
265662
2231554
1772250
106452
1595656
2781046
6020684
11057644
11235772
449994
1905040
97722
103594
295254
96101
100240
1305591
3503406
3495026
6020812
2304771
5827916
105941
52948
264508
1114677
1763264
3706352
134619
102943
1398941
3335606
115783
59243
7658402
7737800
10161340
37515
26174
11172022
3845232
65531
9121542
104412
1999890
2790174
457297
6513656
808399
4299972
1920849
3835080
143127
5501104
2131532
4283060
120094
486674
70903
57733
1127715
114887
4572792
3042408
9788496
4324274
3658012
70518
2581244
4126476
1085779
140888
27911000
34167
2178796
2178782
2085238
310281
69097
91983
1716777
54033
6548228
7057496
4145384
113870
4291600
59592
408985
86312
56751
1054727
366777
91860
47834
355702
872230
839995
1212436
3760922
6108178
99165
99726
108101
2452242
1232249
7214762
10161312
56663
7671598
192614
83284
119250
4935334
102603
326856
86617
82934
64072
1735485
158371
73580
63759
16431870
1452628
3866846
116242
58625
101329
106664
388980
1595859
762114
11762114
10161338
58333
3841424
2560078
2074658
1054726
10161316
12981670
7911884
7911866
3908142
1024255
280760
443295
1610996
11079148
51658
102614
1412528
100449
158811
73453
11804152
9680440
96684
5511582
77355
13640670
11657662
1615553
1415283
5316540
3846626
58279
995832
7120662
72226
2654580
3060876
2972426
5946128
402711
5635026
91480
22835
4428122
2070135
2069319
92695
10161342
73812
96316
6020792
6020802
59749
426371
964539
265343
815244
195945
281322
104452
1441135
238112
15327088
7533152
471041
3704538
15571732
1166827
276816
285333
1132290
109592
104427
279331
3352390
6148156
39190
40416
55304
48977
40636
859635
183869
4353250
120609
415978
1724970
375920
8752440
57729
278488
107501
108149
8816194
100395
229440
8110330
6020806
94715
64541
83908
87075
318871
9788486
252028
13315324
5774002
7902072
1179069
10521092
114825
74806
4254242
925266
165710
9788618
14088510
8337264
9076562
82766
11171978
2085239
9121544
9121538
13776714
7640050
3062074
65112
5764096
1872818
267891
1132623
2094262
120824
6857376
13964390
360556
4283054
3866840
6020808
1951181
420087
87892
99850
68931
1474276
3704050
390221
168786
74899
95990
4870838
55471
1194263
2178788
2085240
2178772
5301662
6199572
13778978
75222
193524
2321405
113501
6587640
99994
1831804
57372
1525366
8923854
235737
1848902
62824
14309446
11198336
2657398
117420
3514324
114660
1800741
1615944
105327
6133130
2972428
10161886
39416
2301445
2301471
2178802
11198350
6611916
468565
160009
1285309
10295212
7098658
1720616
450340
896534
110763
57261
8760932
7775902
1733785
139462
166792
347048
116250
119115
802999
15747178
902272
489018
1054729
1068646
112819
158622
81554
119038
249478
4645330
119664
54632
10161320
6020796
41699
1078188
117786
4805316
7549892
1702443
7693316
89017
2625810
5761544
17220216
3866838
3866836
1014775
109579
68612
180052
115683
119485
18578
441796
13352968
80240
110116
120879
2301469
97322
4878482
10062292
120185
2167266
441048
351817
93624
300532
70215
2937366
324127
3608930
5952634
383694
12838766
11198338
840196
6864
110638
896872
5859238
372873
486051
423731
15523010
312109
95687
160399
65088
66740
10698680
54135
2301467
2178814
12981672
7911930
88263
84412
758745
799922
218817
12343534
1620933
1327035
120797
10323676
2675914
86873
1438173
11198340
44837
77474
4434004
1929263
81846
98622
108211
83169
116231
12610390
37469
35575
53925
7475578
2178806
91538
3278330
80377
13623148
375611
102789
105699
89003
17491088
1981558
6205872
109508
15789472
417001
51337
13923084
77588
1232244
77594
154421
22375054
27731663
452624
89606
9827854
1232255
1232256
44829
56142
14143312
493093
10324144
2359810
100740
17505010
59319
264796
101912
80354
1582350
3108894
460792
3060856
244316
57358
435670
93677
978759
110737
1356864
1621045
9686790
8096832
37674
1683085
1094249
159382
7451284
13776690
7134096
7167658
80130
6288124
8864596
82427
15083184
6906292
3520418
1699231
4901306
1278469
3623726
83833
41452
98253
101698
7911894
50468
2403029
5315210
318034
90927
119535
114594
489235
81318
99472
344854
796264
50280
1149361
117128
66327
36027
1615552
2178812
7911914
91455
1156466
409904
303714
77889
318081
2980794
4900716
2375779
429573
134983
362359
798817
1589921
780607
2561546
55256
913425
291350
11198346
2790254
105415
2140507
56262
479113
95188
1441912
1641384
9788494
92240
74102
467110
55601
2752200
108500
79240
8362852
5664636
118843
416496
8521778
40369
42369
12810166
53318
108551
1592281
3735246
439662
110364
3678782
50798
2140037
95403
131704
2268458
105217
91799
101178
14439896
76150
7985576
897361
19421
411302
429591
95082
107711
2300975
760437
87056
380599
9179430
94517
46187
44672
4995776
11006864
6857166
281364
7541106
15677150
82484
465502
418455
313792
331953
1334102
116704
2382298
1311071
84335
11016042
5249462
12680684
4823776
4899370
342172
85033
76451
97674
263757
285351
87175
6257174
7390646
100114
204626
891592
419326
99005
844760
57187
96694
101026
47708
53580
471711
97940
9735318
4181052
13636426
48434
107438
5635086
92263
6298000
180734
8305806
118564
3068194
3865236
14060094
2291540
4669264
5822564
317910
71141
134067
4196450
1302067
2404181
2887954
2318092
5218332
4733640
56291
92666
1172571
119432
133385
7060344
11703244
88024
2081647
95270
48140
72962
1560139
275022
3966404
3149038
473367
8880894
314123
120241
110678
1337057
98320
89360
82242
2784512
408664
9848626
2177461
2398249
53168
63939
424205
11630828
112681
3797868
3289728
57603
3878542
3417422
10826054
11043488
115678
41866
42994
37635
2301447
2301443
1232253
100135
13052876
74256
1186373
802948
2238050
2474976
1478839
9425132
100486
92048
12187040
1598754
1259014
386005
8980602
3845888
457655
322589
141098
437800
2401807
1286039
2872462
758742
78875
9251798
280380
109456
283003
90655
1441951
5091548
2235779
8201170
100485
33891
23042
39661
1232247
1232248
1232251
765446
72281
2113681
103859
11198354
5666304
2870708
164538
432637
71771
290988
1479962
488604
15090124
176269
420251
2039345
7510346
10230994
3538760
4824302
6304162
5719700
5151570
248845
13257
57877
166485
364517
460644
1032751
1680114
1827487
462396
154061
27528139
10280296
93407
31867
42530
23238
23293
31951
10919486
3464768
94027
42788
7255502
443676
95519
1878841
2140465
8143990
361217
3276924
1646980
7945440
345061
9173418
7134908
3845892
1620719
110725
225071
54743
91670
2297757
9788490
2461132
785006
14402146
46487
4547194
99180
135659
9059350
374563
2258345
395843
11080108
5097410
109759
37101
2301457
12981674
12987894
480489
126170
62136
430308
963194
11198348
6877772
310357
77578
15799866
11192306
1827512
4532038
491747
2056771
337909
829459
5607096
84868
20640
3741634
3405236
4635372
2855648
1883367
15033192
103112
10128846
2937900
7167630
271263
4776998
1118511
1533395
120533
11685912
11128440
36112
21079
1232250
1232252
236348
13820658
29162
113690
1849718
9231040
11252440
329691
107473
119592
9907782
405676
3369806
2281159
11198342
2704380
2279339
3859076
237123
105946
98966
118158
48980
395479
200087
9788498
68768
27731671
364961
2235108
4463816
458413
114011
17041964
21188080
49314
41996
5804038
104299
63285
1684226
10670784
5727282
10541088
13064902
8338762
12618926
273517
14268898
2389182
2580382
81974
6533240
19623240
5639976
47677
1829012
8100946
3864056
5437928
1683087
281373
6317068
2203308
198021
1055366
4229236
1500491
3253930
4163020
57831
106332
86373
42895
485301
2301465
1615556
95560
3609352
1714210
2244901
1405365
213890
118665
58888
1435513
112688
155776
2238032
102004
8836988
99385
116324
3787590
2790196
278823
1869347
1602098
269095
78721
80388
1814884
96945
110200
86969
39631
86759
99334
100519
30241
57449
23694
2301461
1232254
11198352
8949056
1082886
7430722
56264
5648882
110428
1620935
418773
318974
1989475
120866
12788488
3838992
80040
8485364
12187284
8633464
106064
337697
4964788
2103267
266425
44916
105958
389564
66993
1683084
5001718
4227538
41154
116130
473753
831884
326905
3702652
4326894
2402105
1833844
11274492
10582302
104839
283026
13052868
13840822
1542768
12718300
3857028
66580
4832640
14781036
462519
9389998
7485048
3148502
106333
95863
115438
94631
14269590
374569
120654
102915
1977895
107286
118460
2262315
1653665
8004664
10515988
5164772
6439020
2393845
8130968
140379
67656
810784
9788510
1592873
424880
1748207
108171
4209256
187636
209077
45758
118254
1621039
60934
33152
37988
2301459
41716
295721
5278506
842929
319969
6277462
3612032
2640044
1610527
4196848
10245072
1131724
19356262
106307
373981
411705
1821641
466460
1288403
1423894
89153
259685
82966
87015
2218003
96579
1816518
82474
144814
2479800
99699
1932767
110006
87365
2752758
43949
28096
47577
3866650
88178
105585
1194238
1034385
5723272
20225374
80474
5360952
109287
105459
107529
111333
2790184
4742876
318411
106057
91306
3334704
1167638
454776
1067774
9788514
6017942
7214954
70040
2513074
57869
367093
94919
96426
69341
192731
231402
157016
99615
3061046
15268244
10333426
77572
8368368
44391
24894
24188
1615187
7979142
12
5755238
469623
8983202
2016894
6967980
312843
110213
1051220
1127896
335563
1945084
2583620
3626476
21307994
60138
3358020
100685
61385
64603
63663
9354842
3766394
70643
1232245
115378
116999
14324650
81933
445946
58213
90830
86817
6225520
81698
37865
53137
1232246
1731701
1318517
83466
59017
2712740
306841
350028
1174730
2885364
7212754
1424310
81617
2011311
4285496
158714
81834
2452200
3137630
14642626
275719
109951
2094018
1456941
20850406
387514
1247690
1932718
5639354
780516
1985443
5960374
9788492
102388
335121
1528116
1615557
1615555
6821012
1378167
3963816
254455
68713
482527
465142
264150
58567
95088
10655524
63032
57298
12312250
4154858
70460
9351980
1797530
11171932
13106186
15215460
2974918
111999
433416
6097798
101258
270980
138946
3011960
1534085
3843168
11514780
2167202
4028464
11703710
490084
2388637
2368254
426578
494222
11748808
8100948
78872
14174940
1683095
1615186
4943998
57611
1112782
87910
70294
13109952
375355
96708
1326972
280030
1047540
892767
2368553
126158
59740
48380
13651632
70992
460637
499375
315297
283139
3606888
408524
470055
90098
99160
1801552
90966
10028196
1035736
84701
76095
8100958
2446040
8100950
59037
90350
74084
1103987
83806
118289
259153
1592154
308208
1841642
118531
117979
455957
17677860
38166
81777
38969
56412
1201133
7830574
9212984
71746
73692
7488208
2621000
118845
5562070
2762506
110684
115907
5913798
4131496
109439
116259
1434435
1270835
6217608
6656238
2235759
5286444
115639
2126357
1294970
1995390
1661275
60424
69865
89730
75675
775552
2183034
1964624
78504
1957945
5011816
804463
2660806
117011
274546
1596342
434139
1196948
924129
94606
82748
21626284
10278918
5779228
31398
59260
5439812
436078
58379
104561
107985
116756
103924
2011159
6722030
3705412
2517658
1877514
2309295
10166622
995031
10985510
67355
118819
53172
31385
19422
117608
12785720
1046947
5229638
1349460
67445
9252508
367085
112625
57590
76929
247196
5611024
13659418
20723374
31762
28333
57251
23027
42531
58548
14526270
79766
13669028
63951
7390588
119695
97481
488085
434665
2882328
19885626
460745
4643084
203755
91431
95593
1637574
71075
118755
54130
75612
2790238
2790240
805669
96557
80009
323250
8385474
2338454
11563692
84329
5805752
102719
366780
1683096
1683094
1615554
2189221
200027
71110
99697
277941
68421
412922
8134742
120777
12573454
5421602
115640
240684
59170
11950074
102216
197521
2398241
368530
10233448
4272866
96639
6372694
6474378
1000777
99558
2393827
1510938
1541160
6811018
15428134
10083340
165832
95488
97366
5807780
3444938
8100952
1433822
100212
8521876
338427
457495
8179388
445620
285462
470765
1828327
7167686
99740
52905
4535650
2948638
1837576
15339570
110099
7008682
45877
8342862
1615551
3708886
1016268
104573
11989890
449086
488798
1384590
92906
80904
4019560
1441109
409345
83336
11311302
1699748
2345567
106400
11389748
7961060
52365
7074886
293416
85936
7545524
1018765
4007502
9788502
9788500
77742
91939
78243
1615558
3792960
69895
86525
3447590
53363
25913
75342
100530
47811
36154
28772
31455
11261206
13840902
11171954
102175
77687
79271
70791
96219
1185836
9432978
323013
9580138
1183374
81184
98143
346631
1933667
5723286
2309021
12530246
103923
104756
6217926
2250192
308506
1742336
11912196
2725962
8100954
361089
381940
1683092
2910274
69280
2372678
1836037
1896747
12141112
101635
55895
107953
58947
400525
97858
110027
34862
66892
36872
4110568
116421
1740047
13872248
5566790
1480684
22074164
119791
1012804
2535470
90670
5743796
20234774
4396630
7983894
67541
436331
2365580
59885
80310
9788518
70077
1683093
338309
9686194
10268488
4145054
75648
1649443
95652
188453
2062700
115986
66344
110442
76578
1559549
14044212
86765
318997
9184820
44953
37415
5719536
14525206
13841820
1659338
11172000
58815
60086
5270948
119123
1441953
3501112
1230165
400234
52918
6285944
1582457
1545660
6708668
8634332
1092633
1632479
339135
3733774
6378710
2716382
2375574
2077823
11897478
5834760
13320662
335559
278500
951216
348913
92603
42804
57773
1450746
14153080
7671064
10666364
11290880
5990474
2764784
10948716
10192406
1683090
5218228
2366608
99611
4614584
98625
385690
15320362
757361
95379
319931
85615
12349832
32701
1683091
11172054
9212994
4666726
13106190
5598292
380136
4257926
3726704
1434447
54357
1486190
363473
13873302
77369
30287
13361448
2509850
17075
252299
47445
53085
3447364
315642
59274
3444312
2093991
8289930
46345
103285
1664894
1362058
366292
348121
7464188
1604099
275140
119313
12361178
28259207
48445
20112746
45920
3300980
11172012
3858672
13948762
2345112
9212988
20697
9660502
6905542
2330322
1641638
87089
110687
85271
469263
1023500
92618
3797512
302674
961722
298744
4703048
56736
259141
477095
156934
1086761
830361
96542
338135
86022
8100956
9788516
102713
1564349
1683089
280491
8071662
50706
5059406
492389
8323668
76504
1736633
4009460
1029231
816436
2094064
98309
373450
10767052
52151
40823
11950096
77031
21051906
11979940
1226236
6108090
7218518
5080556
6484982
77362
211465
7466442
104438
3733778
116260
8388390
1152850
1305797
13111040
294357
404978
75824
46521
57751
923811
15501640
81529
8089592
13097932
11997264
9788508
11783338
5452780
50634
1699114
54189
166276
6508228
1966359
354623
75520
3473654
12519030
75147
88631
22158
27652
5275892
420609
87507
9212998
2543312
1440345
2092588
217630
2652092
378793
422091
110076
100234
2960930
485851
115369
1389127
109676
393735
102592
8150814
22939186
10418662
11027830
1767372
157583
280778
32143
3554580
1125798
85154
67372
94072
2059255
1615919
64782
3610746
373732
108432
80391
2616280
145653
11712058
85474
768212
2828996
1107365
89346
2112281
96118
120620
23622
48342
3321300
9212992
48127
91578
11847410
2101569
379225
5165344
1230385
495034
89424
131646
1183276
4061080
102005
11388406
77838
95897
109890
265651
5466186
29811
13444912
1518812
2343793
15109082
8210856
9054192
118303
970468
118147
96273
1291465
116000
11609034
9788504
9788506
71524
90103
2652118
2980706
101829
3297776
1186370
311648
66626
56059
7167602
80421
314498
97889
6823148
92115
4667094
303933
107091
490181
76683
85694
79073
2095649
2372222
10293938
26548265
24169886
1464174
813980
399327
142032
11950098
14525192
6932874
13106188
1468846
8550054
150992
1129423
74258
1797469
2667380
11628854
11394332
462338
13309170
448075
76637
4411596
9742794
1285482
2024519
5536610
1629757
7518786
433309
3495030
9788512
105156
181288
10574236
2386237
2331143
283632
434706
117826
14817272
5164196
1984119
76221
4832262
283426
87727
6193408
2263944
13427
3111426
10172266
13111078
13841824
99817
49169
45546
8910922
120202
1135092
6864046
3864892
101969
114279
104073
86661
2103085
790772
488414
15301048
11762434
12187032
103596
760311
85127
14145426
464049
6045840
5225338
5884230
466893
360139
282687
1758595
92337
85780
913968
87032
366005
1628064
361411
11012066
11997262
1800763
8787802
54248
1064932
65466
65832
88414
97179
11768948
126388
75572
12364
167456
134618
1320239
19231492
26940324
144964
76984
53143
81696
804492
3907584
1702042
95800
11771270
5084170
6878038
10720352
12235718
124879
116731
796375
118528
4303340
14048850
1235796
434124
92605
264263
974554
249380
5838588
220099
118570
3097534
102951
90563
117737
1183252
892700
83550
5368542
1925431
169414
23736044
1825918
55257
98749
2900624
35211
12187072
9212996
12187044
102598
291341
7581902
383060
6905696
1179025
54847
4975856
1663207
110771
94793
104549
4266076
5929776
48452
2699110
12312450
97965
10189514
10895576
395495
54389
24034
1634121
6433880
2397461
270846
1753968
1093824
49096
110265
346578
2258337
93578
438315
4324302
18335752
2304953
2531318
1151359
6777338
133046
297494
118401
33373
19702
478942
89901
1998372
1821681
1020773
48956
1928330
7042862
118760
5670152
2503154
86659
857190
104237
16847
2639254
11729298
10687506
172396
3175038
1082601
4562758
2216240
77530
5218268
100232
106627
63878
1753496
808276
2224455
2582576
486640
2124787
106469
96018
1472584
14577874
78492
52738
338763
283877
1958961
1588895
88571
45883
39677
10834220
103484
1712064
109370
11950082
61287
76054
63671
63121
60490
1635327
5982852
4559006
449999
54407
2779318
4341582
88146
45943
443559
120701
2195548
7738450
299117
82951
106449
1230180
4181172
13029044
42276
10234362
323033
5977276
4951982
283084
304711
28912885
2556308
2771780
173886
4972062
210234
94824
157472
75925
1483797
6556890
102960
104990
105378
6486762
2169080
14376344
92948
3228904
3440298
3095734
65761
930083
87747
4270516
93209
13616990
9140342
35899
3895286
932936
107756
3844362
28358
482088
15215362
1926313
1610452
86336
1715336
3467412
422774
246464
320037
1104733
119109
5442456
99204
83739
119310
13429362
8359816
3566726
205271
15767808
1666185
24068064
2396566
98645
102293
1294688
3655448
4589574
250224
91276
118983
2224317
8722888
1117523
331933
145628
1053859
1392197
111797
77914
111419
416212
101545
3120280
91445
10638036
11514868
40662
50356
31448
85933
23563
2014338
67893
12984026
437005
361467
79221
459159
5563324
1659343
167427
119718
97390
130236
235923
7661390
13056008
22050754
2452150
1371155
231775
210418
1000252
108185
82416
1856080
1042877
50658
4625862
90930
1598873
103247
880502
115744
1034007
1196204
108783
337636
3333832
3333824
314063
1068641
3322892
118300
2101473
113552
4960748
53793
31225
31505
37549
113677
3915096
53146
62168
71565
10062310
2171867
914387
10187208
4807408
2905838
109555
291376
109402
910905
2279864
120906
4503598
16030542
24807110
7137846
13609680
5574490
4326444
899106
408777
15064
76489
28912758
332136
1234541
174480
5716464
8343768
114323
841044
1251757
1975159
105616
12298506
69897
120800
2438644
113305
9601220
113114
12735488
14261112
39224
38988
6040674
14525196
3876380
278784
1519461
283832
15215360
94746
119784
8697870
1979319
2077833
100332
412915
325537
1819509
7472896
411272
3551096
122459
6763252
489281
142192
4009278
12877640
4685762
4341500
5540054
8788458
8893974
102782
3791216
204993
71007
38975
21027780
1071804
3330796
2187884
20192968
983983
7026672
11750282
419843
415965
6900448
3171832
118364
411951
3333834
976192
73092
249516
2626350
59043
960890
108188
462244
68359
48347
49291
1236246
3697842
60921
58262
15215364
88708
10208198
5785170
7363076
1395054
1077248
52572
222851
1220888
6866266
3895884
5195412
291502
8119752
71517
2244495
2935622
1263750
12193804
95467
1054485
964587
8633462
64418
4630546
4652838
10468230
2785032
90583
2034139
8679236
79285
81071
1519931
118266
91680
369672
482629
1996310
3333846
388644
497137
104695
156812
18037
75596
89961
80520
48696
43132
103850
71910
11644096
57495
85210
1438298
6315800
8430054
492486
117774
3688406
1349451
90315
1255913
2390237
118966
379623
1107860
297162
96098
5751998
92857
11686490
8829830
14867006
15744298
244970
6017756
1702425
2406252
1068649
2788716
7616148
147004
28691
6336356
1804271
4625856
116552
246677
8772218
10431500
5711280
342735
318761
89461
53677
10763820
11609038
106453
1826590
279111
58003
6494418
3480796
2616880
16026746
89421
31210
1094581
3899796
8108274
15269884
15215462
2137109
1274295
240200
184791
441774
312549
3083008
6062774
2309224
6610158
7869070
9026184
4196566
5607714
85106
5121816
14075350
2258858
8009744
1937113
239195
388182
8343772
2617456
5912454
2043933
4080956
285175
6792200
89695
74559
7923220
1608180
376105
97457
12823454
9419834
90248
956038
8169446
82498
179552
3508840
106115
4006302
26658104
39694
11540726
33553
13837672
1628068
54460
4799064
4669296
105636
435679
4258440
1084972
15128068
3672840
374271
195231
49456
89603
293815
1020885
906665
23571908
11703050
120753
15353964
14731254
5789976
85478
46754
11609042
12396812
13707622
101081
382189
94890
16332
2574698
4799066
8343770
7616798
1628065
10062312
10655692
491203
16867040
4378376
117119
133189
1054486
14402926
3622110
10399608
1095174
104040
90888
64940
4832268
3333838
3409392
98987
110613
62480
14661396
1200263
77089
82269
42451
40202
47885
5707802
914797
6305578
14525202
4125428
734683
3344680
27729779
5689068
437405
2424988
66831
144168
227005
106052
1194417
238552
4935418
8299768
14400246
2315596
465430
3839880
2063781
959329
2139555
18968540
14152756
2701582
3721954
21059520
5220026
4625866
14814040
6025022
499554
11609040
214388
1821593
85542
57569
1924394
100828
489327
11247158
3819668
28346
2625030
111693
310203
72973
89200
10655680
5923962
94924
21308888
95655
40613
37595
23458
4736550
7074030
11950134
3884286
66730
67148
13106194
1810683
1948150
8144834
1694542
1017456
858479
4694544
8772224
189192
1901024
20115766
120724
91875
9820556
2582500
1785635
4468634
2980472
9357050
1027862
15477488
8129806
102316
62407
98837
24844
18737
82449
439289
79638
11540284
7170950
75931
1701990
5012504
58404
785007
5897304
4575388
74749
59309
334541
40979
93220
7958030
66249
465925
386180
120646
295289
1729637
112922
457993
84719
803061
365885
2011971
86361
82910
1540125
118826
111323
11327514
49966
46414
44207
52646
115632
13801578
3895284
175526
1334585
111987
250081
2212008
4537842
113451
458367
85862
2226162
3155320
9794630
358856
10147644
8179402
14246406
61770
9263550
178737
86859
51189
50084
28912858
1582248
432047
13472984
3316800
4630544
108526
3832914
1540128
8772220
3216348
5218288
4479380
12188568
1508675
3250026
301976
63035
113799
2006040
101627
71569
84556
10888594
399102
412175
280277
2800240
3333828
403217
2183014
364955
358349
1181917
8058874
6586318
233422
88491
5218318
120860
1876277
205873
101821
70531
283900
2366450
1660055
11815682
264734
33836
46247
33922
33028
27532
83413
13665846
99776
3895288
11950090
60782
368479
2262308
6768578
8101850
91159
419058
1712192
55894
11847842
192071
1046997
1492088
4530884
93857
6169694
4693358
845448
2355495
91278
7431594
1715873
117057
73636
85346
46889
9968
90738
53479
860906
1054588
951335
8343780
2253602
1628066
14536130
84370
2844798
1087461
11570202
7446798
1073664
1299368
118556
105466
75809
9900782
9784456
1587678
3333830
4462494
102724
463872
791304
473488
15374070
87921
173716
454987
12748084
18271352
120772
66301
49038
39536
1628067
11950138
51406
87231
15215458
1294213
211934
52182
60959
1073668
1341710
15782690
6952960
6474040
112643
15837600
5206260
1935897
7781432
11044858
67549
339840
2387409
1275863
3487356
3577624
2178941
5117428
259393
249677
8745676
2215477
1344204
441881
72979
3416536
96073
6462958
5989218
98663
5269594
2347497
3877200
58092
112167
104114
7589524
56983
250468
9067020
5774062
411195
14715170
475169
188640
469903
2172071
92654
73076
89348
3281796
2099556
2891574
29284
59127
29606
13655120
39286
39404
39305
95348
11422728
47892
4061074
62430
79946
6879446
8879940
3556944
7700730
1928340
805526
11324406
1151922
119994
314786
277723
119210
15262246
68334
7026488
1231586
47985
139774
3387266
866437
1747958
10343028
15881
14152140
430770
21232992
4126304
79336
116095
2331047
2965412
780608
9794044
10655678
12188572
1453159
89393
1292703
2545428
772193
60019
4832278
3333836
4832266
21113540
222812
73198
1563069
1726839
795434
337578
2261287
14192504
66601
41386
5952332
10199590
2781832
21912342
21261712
60232
35169
32155
44954
3824148
10166574
65051
4061068
14459174
1481572
1190689
4971408
2677722
4382552
20239442
3766376
15574312
163983
116151
74006
9271672
4558376
3832096
2758950
6506264
13204490
56195
3173910
6692354
1244659
86619
7689964
71935
4458814
4065594
10062314
119375
165623
455782
1942884
206013
401233
10655676
11388580
3498622
892899
99012
407621
82776
3663490
7456312
8295472
241025
219822
110647
13622982
1415889
45826
371735
2401097
2103264
1205558
60438
98924
64612
62755
824758
209933
464913
1972663
1087578
