0111161
0468569
1375666
0137523
0109830
0110912
0816692
0133093
0068646
0120737
0167260
1345836
0114369
0167261
1853728
0172495
0993846
0361748
0372784
0102926
7286456
0120815
1130884
0108052
0848228
0076759
0482571
0407887
0120689
0080684
0499549
0071562
0209144
0088763
0120338
4154796
2015381
0099685
0110413
4154756
0325980
0120382
0910970
0169547
0266697
0120586
0103064
0434409
1431045
0110357
0114814
1049413
0371746
0086190
1392190
0081505
0266543
0264464
0105236
0112573
0338013
0119217
2267998
0114709
0073486
0107290
0477348
0167404
0082971
2582802
1392170
6751668
0268978
0198781
0078748
2488496
1201607
0095016
1675434
0075314
3659388
0088247
2395427
0086250
0253474
0208092
0180093
0800369
1843866
1300854
10872600
0458339
1160419
0435761
2278388
0145487
0066921
1663202
0050083
0903624
1010048
1228705
0241527
0245429
0416449
7131622
0120915
0118715
1454468
3498820
3315342
0246578
1119646
0121766
1825683
0382932
0947798
2084970
1392214
2096673
0083658
3501632
0480249
1877830
0317705
0060196
1205489
1211837
0097576
0378194
0770828
0892769
0317248
15398776
0211915
0093058
0401792
8946378
2543164
0090605
0383574
3896198
1285016
0121765
2975590
1877832
2911666
0118799
5013056
1631867
0126029
2024544
1045658
0144084
1074638
0116282
1745960
0816711
2250912
1981115
0117951
1270798
0478970
0113277
2802144
0062622
0054215
1951264
5052448
0405159
1386697
0316654
1136608
0078788
1670345
0780504
1170358
0948470
1504320
0457430
0304141
0295297
0451279
0421715
0449088
0381061
8579674
3748528
4633694
0107048
0330373
3783958
0369610
5463162
1856101
1798709
0418279
2527336
0988045
0073195
0454876
2294629
2562232
3460252
1637725
0758758
0099785
1446714
0440963
0120903
0114746
0364569
0469494
0413300
0162222
0373889
0829482
1024648
0936501
0075148
0234215
0332280
1156398
0120363
0240772
3890160
0119488
1396484
0119654
0120735
0796366
4154664
11286314
1219289
2872718
2380307
0116629
0443706
0034583
2119532
0926084
6644200
1232829
6723592
1276104
0417741
1343092
0365748
1727824
0470752
6966692
1250777
1323594
0450259
0181689
0409459
0290334
0343818
0258463
0096874
2310332
1318514
0332452
0071853
1570728
0112641
6320628
0454921
10811166
1298650
1022603
4972582
1517268
1457767
0097165
5027774
2948356
2713180
1483013
0945513
1659337
1270797
6710474
0467406
0095953
0356910
0376994
0242653
1872181
0458525
2872732
1411697
0425112
0087469
0367594
15239678
2179136
0206634
1663662
0314331
0099487
0441773
1229238
0047396
0800080
0268380
0289879
1477834
0057012
0449059
0790636
4425200
1790864
1979320
0448157
0298148
0119116
3183660
2245084
0092099
1630029
1951265
1895587
0038650
0398286
2527338
1291584
1800241
0362227
1568346
1430132
1454029
0335266
1677720
1408101
1535109
1950186
1840309
1596363
9419884
0367882
1723121
1099212
0327056
0372183
2103281
3397884
0099088
2980516
0319262
1515091
0101414
0317219
0458352
0974015
0139654
0084787
0407304
0217505
0387564
0325710
0887912
0117060
0103639
0830515
0405422
1535108
1210166
1499658
0446029
2379713
0033467
0120616
3385516
0780536
1772341
0070047
0093773
12593682
0347149
0382625
0319061
2283362
1259521
0087332
1355644
0765429
5095030
11564570
3170832
0120591
0093779
0942385
1637688
0289043
1605783
2382320
2584384
5580390
0360717
0092005
1217209
0375679
0443453
0119567
0217869
9376612
0377092
0831387
1014759
12361974
0351283
0088847
0091763
1187043
6264654
0119698
0083866
0105695
0163651
0315327
1302006
0119174
0369339
1245492
6146586
3480822
1399103
0086879
0032138
0052357
1690953
0363771
1055369
0110475
0455944
0099674
0265086
1517451
8772262
0232500
1060277
1282140
0079470
0337978
0181852
0840361
9764362
1905041
0361862
6334354
0109686
2820852
0349903
8367814
2381249
10648342
0405094
2294449
0493464
0112864
9362722
1596343
0096895
0118971
0104431
0120912
2582846
0119094
1542344
1587310
0117571
6791350
0454848
1190080
0230600
0147800
1632708
7784604
0111257
2194499
1453405
2737304
0328107
9032400
0317919
1706620
1490017
0091042
0286106
2948372
1409024
0317740
0964517
0096283
0443543
3521164
0388795
0408236
0162661