0111161
0468569
1375666
0137523
0109830
0110912
0816692
0133093
0068646
0120737
0167260
1345836
0114369
0167261
1853728
0172495
0993846
0361748
0372784
0102926
7286456
0120815
1130884
0108052
0848228
0076759
0482571
0407887
0120689
0080684
0499549
0071562
0209144
0088763
0120338
4154796
2015381
0099685
0110413
4154756
0325980
0120382
0910970
0169547
0266697
0120586
0103064
0434409
1431045
0110357
0114814
1049413
0371746
0086190
1392190
0081505
0266543
0264464
0105236
0112573
0338013
0119217
2267998
0114709
0073486
0107290
0477348
0167404
0082971
2582802
1392170
6751668
0268978
0198781
0078748
2488496
1201607
0095016
1675434
0075314
3659388
0088247
2395427
0086250
0253474
0208092
0180093
0800369
1843866
1300854
10872600
0458339
1160419
0435761
2278388
0145487
0066921
1663202
0050083
0903624
1010048
1228705
0241527
0245429
0416449
7131622
0120915
0118715
1454468
3498820
3315342
0246578
1119646
0121766
1825683
0382932
0947798
2084970
1392214
2096673
0083658
3501632
0480249
1877830
0317705
0060196
1205489
1211837
0097576
0378194
0770828
0892769
0317248
15398776
0211915
0093058
0401792
8946378
2543164
0090605
0383574
3896198
1285016
0121765
2975590
1877832
2911666
0118799
5013056
1631867
0126029
2024544
1045658
0144084
1074638
0116282
1745960
0816711
2250912
1981115
0117951
1270798
0478970
0113277
2802144
0062622
0054215
1951264
5052448
0405159
1386697
0316654
1136608
0078788
1670345
0780504
1170358
0948470
1504320
0457430
0304141
0295297
0451279
0421715
0449088
0381061
8579674
3748528
4633694
0107048
0330373
3783958
0369610
5463162
1856101
1798709
0418279
2527336
0988045
0073195
0454876
2294629
2562232
3460252
1637725
0758758
0099785
1446714
0440963
0120903
0114746
0364569
0469494
0413300
0162222
0373889
0829482
1024648
0936501
0075148
0234215
0332280
1156398
0120363
0240772
3890160
0119488
1396484
0119654
0120735
0796366
4154664
11286314
1219289
2872718
2380307
0116629
0443706
0034583
2119532
0926084
6644200
1232829
6723592
1276104
0417741
1343092
0365748
1727824
0470752
6966692
1250777
1323594
0450259
0181689
0409459
0290334
0343818
0258463
0096874
2310332
1318514
0332452
0071853
1570728
0112641
6320628
0454921
10811166
1298650
1022603
4972582
1517268
1457767
0097165
5027774
2948356
2713180
1483013
0945513
1659337
1270797
6710474
0467406
0095953
0356910
0376994
0242653
1872181
0458525
2872732
1411697
0425112
0087469
0367594
15239678
2179136
0206634
1663662
0314331
0099487
0441773
1229238
0047396
0800080
0268380
0289879
1477834
0057012
0449059
0790636
4425200
1790864
1979320
0448157
0298148
0119116
3183660
2245084
0092099
1630029
1951265
1895587
0038650
0398286
2527338
1291584
1800241
0362227
1568346
1430132
1454029
0335266
1677720
1408101
1535109
1950186
1840309
1596363
9419884
0367882
1723121
1099212
0327056
0372183
2103281
3397884
0099088
2980516
0319262
1515091
0101414
0317219
0458352
0974015
0139654
0084787
0407304
0217505
0387564
0325710
0887912
0117060
0103639
0830515
0405422
1535108
1210166
1499658
0446029
2379713
0033467
0120616
3385516
0780536
1772341
0070047
0093773
12593682
0347149
0382625
0319061
2283362
1259521
0087332
1355644
0765429
5095030
11564570
3170832
0120591
0093779
0942385
1637688
0289043
1605783
2382320
2584384
5580390
0360717
0092005
1217209
0375679
0443453
0119567
0217869
9376612
0377092
0831387
1014759
12361974
0351283
0088847
0091763
1187043
6264654
0119698
0083866
0105695
0163651
0315327
1302006
0119174
0369339
1245492
6146586
3480822
1399103
0086879
0032138
0052357
1690953
0363771
1055369
0110475
0455944
0099674
0265086
1517451
8772262
0232500
1060277
1282140
0079470
0337978
0181852
0840361
9764362
1905041
0361862
6334354
0109686
2820852
0349903
8367814
2381249
10648342
0405094
2294449
0493464
0112864
9362722
1596343
0096895
0118971
0104431
0120912
2582846
0119094
1542344
1587310
0117571
6791350
0454848
1190080
0230600
0147800
1632708
7784604
0111257
2194499
1453405
2737304
0328107
9032400
0317919
1706620
1490017
0091042
0286106
2948372
1409024
0317740
0964517
0096283
0443543
3521164
0388795
0408236
0162661
0448115
0166924
0343660
0338751
0478311
0094721
1068680
0099423
3778644
0081398
0113497
0107688
4912910
0120663
0477347
0087843
0357413
0120755
3799694
1951266
0298130
0360486
0119396
0438488
1907668
1182345
0396269
0363163
0395169
1371111
4649466
2106476
0100405
0047478
0790724
0496806
1646971
1041829
1065073
1650062
2798920
1748122
1320253
0077416
0878804
0389860
0433035
0117500
1179933
6263850
1403865
0212338
0822854
0910936
0368891
1231583
2788710
0100802
1104001
0887883
0120601
0071315
3731562
0213149
0167190
0110148
1790809
10366206
0064116
6857112
0462538
7653254
0125439
1193138
0053125
4881806
0209163
0238380
0120667
1707386
0884328
0112471
0116367
0359950
1591095
0163025
1306980
1037705
1645170
0399295
4925292
1951261
3606756
1638355
2322441
0119528
2771200
0414387
0970179
0031381
0413267
0386588
0105323
0332379
0119008
0056592
5311514
0381849
0472043
7888964
4975722
0094226
0190590
2109248
1981677
0103776
2004420
0129387
0944835
0103644
0175880
0453467
0109040
3682448
2140479
0399201
0298203
0457939
1302011
0119177
3110958
0425210
7991608
1245526
0120201
5726616
0489099
0212720
0095327
5727208
1397280
1197624
0106977
0293662
1764651
0838283
0118880
0278504
0120762
0320661
1790885
0119822
1152836
4034228
1125849
0056172
2316204
1485796
0112384
0120623
4550098
0449467
1598778
1253863
1028528
1028532
1194173
9114286
0814314
0077651
0265666
1013752
3076658
4263482
0319343
4123430
7349950
1478338
0808151
2397535
2277860
1091191
14230458
4160708
3065204
0120611
3464902
3450958
0379786
0473075
0121164
0077631
0463985
0800039
0120669
1735898
0089218
0783233
1259571
3263904
9243946
3402236
0322259
0203009
1001526
0120812
1213663
0258000
0438097
0437086
0450385
0463854
1133985
1343727
1192628
0112442
0196229
0212985
0187078
0187393
0181875
0118884
2674426
0107614
0452623
0289765
7126948
7349662
0170016
1340138
0099348
2302755
0097757
6139732
0800320
3040964
8228288
0185937
0175142
1817273
0104257
0381681
0120804
7975244
1386588
0151804
0348150
8332922
0061722
0116695
1650554
0338526
0290002
1922777
0183649
0411477
0095765
0093870
0259711
0320691
0401729
0837562
1979376
0195714
0257044
0486655
0053291
5362988
10954984
10838180
0955308
0118749
0111503
1375670
4046784
6823368
1077368
0803096
0190332
0070735
2361509
0368447
0795421
6443346
0432348
0251127
0083944
0286716
0486576
0093409
0215750
0075686
0059578
2381941
3235888
2024469
0221027
0432283
0102057
0072890
0363547
1931533
0172156
0327597
0118583
0443272
1385826
1855199
0252866
0113189
1823672
3228774
0309698
7097896
6105098
2953050
0119643
0087800
0118688
0448134
0364725
0497465
1564367
1401152
5700672
0429493
8936646
1464335
0112462
1092026
1080016
0478087
0358273
7713068
0082096
1959490
1386703
0396171
0243155
0824747
2005151
1032755
9603212
0479884
1706593
0059742
0080339
1673434
2293640
7984734
11813216
0765443
1601913
0045152
1325004
2935510
0844471
0027977
0976051
1051906
4846340
11138512
5537002
0080678
1798684
0825232
0092890
1832382
0120660
0985699
0057115
0107818
3079380
2126355
0486822
2660888
0118655
5442430
0119282
1179904
1211956
2704998
1440129
2908446
1148204
1243957
1016150
4630562
0399146
0898367
1324999
2582782
0108550
1189340
0465234
0052618
0163978
1731141
0250494
0259324
0245712
0134847
1212450
0116483
0110632
3281548
0134119
3741834
5109784
2321549
1436562
0183505
0978764
0112697
0335345
0435625
1033575
0087363
0914798
0144117
0479952
0120855
0117381
0145660
6718170
0123755
0448011
0087538
1959563
5034838
0414993
1289401
1649419
1655442
2229499
1649418
0384537
0485947
1424381
0116996
0098635
0117509
1464540
5580036
0315733
0462499
5164214
0302886
1411238
0103874
0108399
0299658
1588173
2184339
1210819
0338348
4196776
0983193
0265208
0094737
0296572
0266915
2906216
3704428
0430922
0100157
0063522
0408306
0374900
6806448
0311113
0758774
5083738
0032553
1234721
0083987
0099653
0043014
0117665
2209764
1599348
10954600
2637276
0187738
0373469
0376541
2334879
2463208
3553976
1636826
0142342
11866324
0083907
0420223
0058461
0117998
0112281
2883512
0050212
0481499
