2083383
0240515
0330373
2249007
0469641
0106856
6791350
0337978
19768024
1791528
1621045
0054215
0112462
1226837
0052618
5875444
0120053
5626028
1020072
0280249
0325710
0424880
0169547
0416044
4094724
0270288
3322314
0036342
0087803
0123964
0280590
0499556
10855768
1536537
3322310
1587707
0478970
0093748
3797868
0077631
4034228
3110958
1457767
0070510
2193215
0765429
2096672
9620292
2402157
1935859
8962124
0120755
1659337
3631112
0993842
0070379
0185125
0115641
0108002
2741602
1599348
0060827
1172570
7160372
3986820
0271668
4332232
0360486
0304415
0113247
6710474
0959337
0051459
0212985
0020629
0374102
0375063
1588334
0112682
0087928
0406375
0367652
0065462
0117705
0457400
1034389
2671706
0800069
0163507
7014006
3811906
10665342
0441773
5052448
0880578
0032599
0088933
1131734
15009428
1781922
0426592
0256380
0465234
1294226
0134847
0120877
7016936
0451079
0092086
0145487
1059786
0100150
0324133
4158110
0053604
0944835
6257970
2699128
4547056
4701182
0281686
0240890
5541240
2057392
2402207
12789558
21942866
0307453
9214772
0795421
1583420
0348333
4513678
2350496
0063442
0300051
0021749
3215824
2554274
0983213
0103855
0062765
1132290
0455967
0117318
0095294
0046359
3170832
0165929
1136617
3183660
0278488
1478964
0945513
27028399
0382077
2543164
0864835
0080745
11389872
8946378
0106598
0249462
0113568
13616990
13327038
0042332
1216487
16428256
1285016
0114436
0102945
6921996
0275277
0119081
3014866
1564585
2356777
2719848
0368709
0048424
0304669
1437358
1568911
11315808
5687612
0059800
1966604
8110640
4729430
0286244
2547584
2975578
9389998
3083016
20215968
1991245
0086200
0130623
1170358
0220506
0455857
1798684
0070917
1987680
9531772
0492956
0081283
1117385
5114356
0088286
3865236
4226388
8550800
6146586
0086034
0113409
2235695
3107288
0097239
0088258
0088509
8503618
0254686
2222042
0108330
9203694
4361050
5691670
0428803
0449467
10280296
0118689
10752004
0266543
0104070
0787474
0082010
2229499
4687108
0087843
0071615
2884206
0045152
10168312
1562871
0470752
1124035
0315733
0430105
1261945
3322364
8242548
0397306
1196946
1133985
1179034
3863552
3581652
0111507
0090142
0100403
0110912
0362270
0758794
11657662
1937390
0309698
1600195
0120832
0247638
0107818
0486946
0387131
4179452
0076786
5247022
1396218
4169250
3569230
2005151
3896198
1972591
0120762
8359848
18335752
0089530
7631058
1270262
13406094
1823672
0033870
4236770
0118887
2403776
0122718
0960144
1673434
0107943
0190332
1833673
0118884
3072482
4481414
6166392
0404203
0417299
8368406
0230030
2910904
0172495
3475734
2080374
0097659
0325980
0118971
2199571
0356721
0116705
1623205
1179933
0165598
0810788
0212346
0121766
0117381
3480822
0061578
4178092
1682180
0167404
3272066
1197628
0063929
0264395
2120120
1206885
0962736
0089927
1278340
2191671
0102494
15255288
0105046
0101761
2582782
0144528
0077745
2277860
0104797
0058946
1137450
0133093
1307068
5208252
0363988
10886166
0114746
2321549
0311289
0096163
2591814
0362225
0479143
0117765
1637706
0162661
1155056
0265666
1480656
1001520
9813792
0108358
0390022
2442560
5571734
12343534
0088172
0059742
1972779
8404614
3960412
0382932
3774114
0962726
7060344
4196776
0859163
14954666
0081573
0080661
1055292
0852713
7139936
1436562
1684562
6472976
0303461
2561572
0096933
14138650
0279113
15474916
8784956
0816692
0074119
0118843
0078788
1385826
0114069
7979580
0080749
0335245
0181984
0059578
0942385
5304992
0117887
0046268
0147800
3922818
2101341
0289765
1182937
4387040
1649418
0093177
0405296
1981677
3530002
1077368
1280558
0098384
2372222
0293508
0399295
1562872
0070849
10986410
7737528
1321510
1149362
6079516
0373926
0164052
0198781
0396555
0097493
0078935
28227737
0457433
8637428
1389096
0105236
4244998
5742374
1306980
7440726
0112453
0373051
0469494
0095250
0091326
2049403
2488496
0479997
3427252
0386117
0415306
0071562
1462041
0338337
0032455
2140379
7282468
0164334
2347569
7286456
0050825
0120685
0052357
0054331
0238784
0120791
12805346
2637276
3148266
2278388
2023587
1211956
0970452
0800039
3470600
0115964
0120657
21064584
0421238
2452386
7638348
0440963
1069238
8236336
1570728
2854926
1951261
0048728
0317303
0120873
0089469
1567432
0356634
0158983
0237123
0212720
0963966
0947798
1648179
0251736
1441395
0245574
1645080
5719748
1136608
0107207
1226273
2294189
1456635
2273657
7401588
2726560
0077402
0411477
1759761
5093026
0458525
0268978
4555426
0037008
1462059
3861390
0134119
0097647
0187738
22048412
2261227
1800302
0317248
0499549
15257160
7985704
0217869
0248667
1450321
0038355
1293847
10795658
3262342
0101917
0301357
0116213
0071230
0433383
3829920
0369735
2278871
0457510
1121931
0758766
0088526
0082096
2510894
0091187
0091225
1598778
0365748
6048596
4123432
0986263
0402894
0118842
2250912
2788710
5362988
9784798
2873282
0087884
0349683
1135300
0218839
4873118
0417741
2431286
0109445
1622979
0989757
1595859
0404030
8155288
1615147
1226774
1067106
1588170
1950186
0314353
2980210
0261392
0105695
2991224
0245429
0056801
0426931
0838283
0292490
0882977
0119190
0401383
0105104
0452702
0970416
4532368
0773262
1291570
3195644
8426926
7097896
7772580
26693803
8064302
1483013
13560574
0378194
1371150
3758172
0443706
0387575
1825683
12801262
1178663
1078940
0203119
4624424
0120815
1242460
1034415
0903624
0345950
0790686
0048545
11671006
0090022
9701940
5390504
0425112
0373074
0237572
0112431
9071322
0758752
3371366
5439796
1007029
3881784
0449010
0489237
3920596
1067583
5433138
0383216
0111512
0408790
1214962
1323594
0119137
0435625
0061722
1216491
5071412
2428170
0468489
0228750
0409182
0306685
6524350
6543652
1641349
1392190
11737520
0115736
0265349
0250258
0083929
2870756
0092359
1355642
1199099
0358082
5215952
1188729
4477976
0133751
8740790
7069210
0113481
0421715
0074285
11083552
0120828
0088247
0320661
0114814
22297828
0486822
0073341
21807222
3622592
0104257
0177789
4566758
0443680
12758060
0964517
0119643
1201167
0427309
4093826
0230011
7221388
6924650
0108394
1502397
0109446
0460681
1869454
1528854
3230854
2631186
4145384
2368619
0154420
1845307
0120686
8093700
0374900
1125849
0183505
10648342
0182576
0085382
0119698
0107808
0472399
0207201
3659388
1131729
1126590
12593682
2345737
0335266
0187664
13207736
1817273
0114898
0385002
0050212
1568346
0472160
5814534
0296572
0395843
4635282
9376612
2303687
14849194
0120632
10620868
3118452
0213338
0097216
1092026
0105151
1245526
10151854
2243973
3874544
0272152
0088161
1175709
4287320
1241317
0403508
2568862
1297919
3281796
1634106
0082186
4154756
0093428
3713166
0356910
7405458
1273235
1430626
0333766
0253556
1464335
1068680
0446755
3007572
0435761
0302886
0087078
2582802
0056687
0787475
0119349
1204342
0412080
0034583
5971474
0119099
1321509
0322802
0837562
0074486
17279496
0223897
0168629
11291274
0048028
0465494
1034331
8806524
1446714
0099938
0440803
5580540
0974661
1592154
1341167
0118375
1628033
0796264
1386932
5607976
0317198
0116126
0110478
3514324
0105793
0476964
0159365
0120461
0107554
0092324
0416315
0401729
1742334
0095705
1531663
1172991
0087544
6718170
0863046
0496806
1473832
0245844
5463162
22074164
11041332
2752772
0104231
0070909
9140554
6723592
0209163
0265086
11464826
1985949
0211443
0065207
0479884
1591095
0347048
0015648
0335119
0251114
0103874
6450804
0162222
0138510
0097937
0448694
0057565
3717252
0073802
5886046
2632424
0105665
1360860
0988595
2763304
0085333
4777008
10342730
2870648
5083738
0445114
0095253
7153766
1632701
0066995
0099674
0253474
4682266
2170593
11214590
0093773
0093565
7713068
0092610
0095031
1235166
1683526
0053779
0376136
3062096
0384766
2679042
1217613
0433386
2094766
0088000
0095444
0870154
0096438
0795493
0389557
0203009
0112870
0145531
3799694
1156398
0095776
1667889
3743822
1972571
4218572
0021814
3766354
0436339
1448755
2788732
3566726
0212338
0091777
3420504
10293938
0089175
0866442
0118880
0313542
1219827
0347149
0093779
0413099
3411444
0264472
5348176
0061811
3778644
7959026
27534307
0120586
0947802
2231253
6214928
1618434
3064298
3846674
0166896
0141369
2042568
0056058
0118928
1327801
3915174
0312004
3405236
1821480
2140203
0870111
0247745
0327850
0091251
0023969
1915581
0332375
10954600
3040964
0938283
4846340
0015864
8228288
0096787
1465522
13016388
7657124
0938330
17024450
0088794
2562232
2140373
0405325
1294688
4901306
1305806
11755740
0955308
1051906
0057012
0313443
0985699
10834220
0110989
2708480
1488606
0329101
1119644
0094226
1486192
0493430
0278504
0084602
0209475
0401445
0252076
1446192
0095675
0412142
0101700
0455407
1596350
1535108
1259521
2614684
3758814
0438097
3532216
0348836
0084787
13210838
1549920
2910814
1675192
2649554
0038109
1582457
0085794
0055928
2717822
4263482
2125608
14452776
1392170
0111161
2436386
2823054
1314655
1051220
4595882
0138704
12003946
0097441
5189670
0386032
1753383
0439572
3011894
1860357
1509767
1714915
0070735
0944947
0443453
0369436
0288477
1924435
0211933
0816442
1850457
0292644
2103254
14846026
1282140
0332452
0094862
0298814
2223990
1591479
23468450
0386676
0361596
0407304
0381061
3721936
0842926
2249364
0918927
0120694
3174376
0302640
2119532
5697572
0117060
0246460
7374948
0146675
8079248
0442933
2121382
0105435
3640424
0118694
0102536
3316960
5177120
0088170
2503944
0103584
0079574
0113492
0103956
0091059
4276820
5116302
0457419
0290095
0374536
4695012
0264464
0066999
1355631
0808399
1389137
0110074
0116483
0015324
11426232
0110622
8936646
0096657
0212712
0337921
1174732
1213648
4881806
0389722
0348150
0088680
1073105
4477536
0489974
7120662
0123755
15255876
9077530
13146488
1439572
0111495
0110632
3063516
2980516
0762125
0371606
10872600
5834204
3381008
0084516
9100054
0103639
1213663
0137523
0181865
0387199
0101540
1192628
0115734
0215129
7886848
23137904
0758790
3731562
1033575
1839492
3230454
0817230
19231492
0821640
2820852
2106651
0258000
3606756
1210819
0822832
0403358
1386697
0072308
0419677
0120399
0117665
0072271
1438176
8108198
0151137
0100405
1661199
2262227
4955642
10618286
0257106
0029843
0221027
1620680
0332280
4281724
0104940
0848228
0975645
2170299
0486655
9680440
0093870
0092513
3522806
2850386
0446029
0118480
0395169
0387808
9288030
0098258
1679335
2109248
0986233
9637132
2674426
1148204
2452244
0089155
0280707
0071315
0354899
2250192
1396484
5108870
0346491
0317740
1706620
1538403
0120647
0377062
3203606
0094332
2267998
0096256
0117247
4853102
0103359
0808417
3289956
0115082
0815244
0211915
23561236
0099700
0289992
0862846
0107050
0163978
10944760
0081505
1262416
13405778
14852808
7737786
0217505
0369179
2359024
1308729
0079945
10579952
4919268
1617661
0327137
1711425
0388795
2377938
13314558
2024544
1321870
1911658
9783600
0092675
0450278
6139732
1980929
0082517
0319969
0479952
0070666
0162346
0195685
0112384
8623904
8367814
1179056
3228774
0120484
0112818
0183523
0497116
2937900
0371746
0257076
0266987
11909878
1093357
1464540
0040746
0081633
1053810
2718492
5783956
0101765
2967224
0441909
1482459
4520988
6806448
7817340
0126886
2654580
1568338
0046911
1674771
11655202
1586265
0116583
0022913
1424381
0233469
0220880
7767422
0191754
1185616
1600196
0461770
0070723
3428912
0475944
3332064
0374546
0397101
0372824
18412256
0064115
0240772
0079522
1549572
0117500
2024432
0087050
12262202
0116908
2669336
0079817
15789038
5290382
0396269
0104389
1032846
3748172
1448754
0320691
1428538
1911644
1120985
8350360
0117589
8385148
0382628
2375692
0465538
3464902
4635276
0770828
0277296
5555260
0104652
14153790
12637874
0109813
0056869
2932536
0089885
0074811
6148156
1075417
0091149
1320253
0311429
0338013
20850406
0162650
0490086
10288566
1922777
1285241
3416742
0780653
0285531
0089907
0046250
1979320
0432283
1152398
4500922
3882082
0108052
30263074
0106977
0426883
0813547
0290978
13957560
0055031
0805663
2132285
0247586
14858658
0413895
0164912
0087597
0355702
0180073
0401997
1865505
3783958
1605630
0427312
5651844
4786824
1411250
0149261
0090056
0398375
1229822
0970866
1001508
1846589
0091080
6908274
9544034
1571234
0097123
0925266
2224026
5988370
2017038
0414982
3850590
3794354
0109190
0377109
0871510
0368891
0275847
1496025
17526714
1193631
1116184
0462465
7347846
7653254
3758542
0071853
0449089
1045778
0115147
1172994
0092099
0057413
0454841
1981128
4425200
0482606
0289043
1091722
1242432
0090329
1860353
1013753
1204977
0075314
21692408
0083767
1017460
0356680
0250687
1527186
1727770
3322940
7784604
1827487
0386588
0172684
0109444
0116253
0120082
1142977
0179626
0478311
0187393
0120324
6823368
0106080
6443346
0053125
0181689
0787524
1366344
1837709
1441326
1520211
0289879
3104988
0864761
0133952
1325004
0106220
2888046
0181316
1646971
0093389
4913966
10431500
8332922
12261776
0076666
1324999
0100507
0264935
5743796
3450958
1832979
0155975
1865718
0375912
0101587
0099785
0861739
0268995
1636826
1618442
5296406
3042408
0133240
0087985
1243974
1608290
11117570
0094625
5246700
0993846
3358020
1014759
1667353
0114148
1602620
0112641
0887912
5580390
0261983
0448157
0091474
0790636
4270492
0489049
1535109
2660888
3581920
0058182
6155172
1702439
0436992
4508902
1796960
1286039
5700672
0120363
1270797
1060277
3387520
3544112
14641788
2002718
0096446
0431021
1210166
1286537
1082868
14269590
1263670
0099653
1335975
0068646
1176740
1093370
9446688
0443465
0168366
0983193
0271367
10028196
4176826
0113118
0398712
0243017
0251127
0076729
0118688
9426210
1860213
1185834
0373469
3860916
0290988
0381681
0914863
0049833
0386140
0813715
4299972
1086772
0139134
0265208
0195714
0448115
5848272
2106476
2096673
0105958
0101452
0848537
6306064
0117918
0120749
1320244
1276104
0088993
0472181
0102059
1809398
1727388
4633690
1001526
7798634
13143964
0077766
0120770
0079116
0327056
4731136
8291284
0107302
26753003
12477480
0103074
0094721
0104437
1645089
9764362
6217306
0372588
1924396
0106611
7431594
4680182
0374455
0122690
2911666
0203259
0379725
1235099
2404425
5140878
0330793
0398286
0109068
2805096
0089767
0443536
1655442
1225822
0452594
1343092
0116287
2661044
0119345
0093629
2388715
0340163
9432978
0116282
0892782
0113071
0032138
16277242
1409024
0358273
12536294
1266020
0285823
0120917
2118624
0250494
1616195
0800308
1155076
0290002
7752126
1800741
0119675
0322330
0402910
10039344
0448011
3553976
0097778
4799050
0890870
1397514
0171433
0481499
0425413
6212478
1386588
0090863
2382009
1586752
4513674
0316356
1613750
8633478
0138524
3513548
9018736
2084970
0056218
0098382
0285333
0203019
0082418
0115167
1512235
1053424
1638002
0092890
0272020
1790864
1772240
12915716
0286499
1226753
4443658
0285742
0116922
0274558
1068242
0167190
8179402
0071360
0476735
2265171
0453467
1920849
0268695
0061735
0397065
0082158
0362120
6473300
4047038
10298810
10059518
3152624
12037194
1234548
0467197
1302006
0445922
19500164
0092067
0443649
0437863
9639470
0424136
2274648
4954522
0120179
11691774
15097216
1023111
0430357
8629748
0120855
0087781
3263904
0053472
0157246
6474378
0364845
13927994
0492044
0271027
0455275
2937898
0383126
0821642
13651794
2226597
2180339
0366548
0049223
3554046
5323662
9737326
0276919
0328589
1650554
10954984
0113277
0297284
2887954
2400463
0053291
2082197
9495224
0421729
0118771
1596345
1340800
4435072
0120737
0367279
0107969
0120890
0165581
1250777
0400717
0411008
1327773
2869728
0337563
0106701
1229238
0454921
2638144
0026138
0481536
0055614
0120102
5171438
1440129
3521164
6772802
3398268
0267804
2013293
7939766
6517102
1935179
0095956
1016150
0118789
0297884
1563738
5397194
0120032
11252248
0167261
0082398
0427327
27744786
0425061
0094947
2170439
0377818
0097165
0057115
0096487
1951264
4682786
0083972
0328828
0097733
0478304
1854564
2481498
0456554
1172233
0110005
0462200
4742876
0114681
2053425
5814060
0120804
1859650
2039338
0103893
1321511
0112178
0047528
0062803
1220198
0245686
1592873
0092007
0117571
2180411
0475290
0175880
0105812
0120631
0107614
0242423
0086393
0084805
0116225
11116912
1234721
3521126
0210945
2294449
5311514
7734218
0318627
0113243
0091605
0139414
1038919
0155267
6156584
5770786
0839980
0105698
0095497
0079367
1378167
0054047
11198330
0285492
1410063
16030542
0021884
0884328
0032553
0077975
0918940
0365907
0062622
0413573
1020558
0069281
0108778
1028528
1470827
3300542
0300556
1313092
0056172
3205376
0427229
2338151
0095631
1506999
0970179
0104431
0375154
9253284
0072890
7040874
4254242
1341188
0120591
2397535
0286106
0089686
6513120
26047818
9777666
0259324
0366551
0825232
0452598
0216216
21192142
0294870
0160797
8110652
0103241
5774060
0167260
0206634
0462322
1268799
1405406
0430304
1839596
2582846
0372183
2193021
0480255
0012349
0133152
3487382
0102926
0468569
6475714
0120611
1602613
2176013
0087298
0878804
0078841
0363547
0475394
7775622
0370263
0058461
3808342
1164999
13309742
1648190
0335345
0327162
0096928
0061418
0112950
0805570
3316948
0936501
0365830
0125659
0376541
0094074
0055630
6911608
2628232
0405422
11851548
4438848
0089457
0257044
1220634
11866324
0081398
0091042
15679400
2935510
0284837
0247082
9844522
6772950
8110232
0060176
1124037
0119925
8508734
0460740
0443274
0887261
0077651
6499752
0090633
0980970
1637727
3741834
6571548
0438488
0472033
1343097
17527468
0115798
0355295
0790628
6491178
0376968
0116830
0109506
0892769
0070511
1800241
0427392
0929425
1536044
1840417
4630562
2527336
1193138
0439815
0090756
0489270
1267297
0457939
1660648
1578275
0234215
1666186
4422836
3892172
0084855
3890160
0111070
13751694
17677860
0166924
0365737
0019254
2584384
9686708
2140619
0360201
1586680
0340377
0477348
14444726
0433387
0268126
0100263
5232792
1838556
1220617
1389072
4589218
5363918
0097742
1289403
0091763
0758745
0892791
0297181
1302011
2066051
4781612
8688634
23289160
0097770
1029360
1606375
0043274
0172156
0128442
7556122
0146316
0364385
22022452
0086425
0112573
10813940
0253867
1243957
9335498
4758646
4116284
0098554
0377092
0338751
0292506
0107120
8579674
0455499
0467200
0475276
0132477
0109040
1431045
0052311
0118954
0253754
0120903
0359013
0183790
0164181
12412888
2356180
1397280
7958736
0121220
0311113
6467266
0465580
1748179
0088323
0412019
0454876
4765284
0450188
0339291
1790809
14403178
1219289
0245712
0780536
2380307
5177088
0151738
0307479
4016934
1206543
0402399
2105044
0069113
6334354
14688458
9179430
6628394
11126994
0413267
0814314
0108333
5095030
0209144
8772296
0811080
0103776
1013752
0190590
1517260
0861689
0108122
0242527
0804497
0078346
3501632
0491175
0065938
5613484
4698684
0397442
0120768
6968614
1491044
0465624
0104868
14826022
0059646
0851851
1898069
0120660
0452625
0117218
2381249
0431197
0171804
0115963
0199753
4005402
0425123
1905041
0368794
0403702
0099422
1492966
0191397
0362165
9663764
1078912
12004706
1259528
0099423
0822847
0395584
2692250
7349950
1592525
1441135
3717490
0072562
1439629
1990314
3553442
27989067
1253864
0296042
2543472
0141842
0119217
0138749
2279373
0107076
3007512
3397884
0385307
0369441
1212450
0084434
1322312
0267626
1412386
22687790
0368530
1186367
1778304
5657856
1490017
0274166
3949660
13365348
0093058
1095217
4761112
0041959
1727824
3322312
11743610
0375173
0097757
1392214
0096320
0120738
1186830
0905372
1453405
1430607
0458339
1961175
2382396
1637688
0401792
1399103
1160996
0462504
0113161
0104815
0105265
0367110
1255953
0094525
0770703
0418689
5606664
0063462
1626146
1596363
0093437
1300851
1013743
1499658
0462590
0385752
1615065
2179116
0433035
1374992
0460829
0107507
10838180
0452694
0118849
0362269
0093822
2872732
1190536
0101120
0077405
1881002
0263488
0499448
2404463
0122151
0116695
1640459
1144884
1540133
1655460
0219699
0108147
4532826
1135985
2870612
1527788
3829266
2934286
9224104
0112697
1211837
1187064
0119303
2381111
1023114
1877832
6053438
0806203
8068860
1219024
1284575
0091217
3774694
0124198
0080455
0387764
1981115
2771200
0111742
0814255
0092644
11555492
1336608
0129387
1469304
0463998
1477834
10155932
5753856
0080487
1561755
0109117
1024648
1844624
3567288
0455538
2545118
0363589
8544498
0289848
3609352
7838252
0804484
1232200
1488589
0050783
0102057
0463854
2906216
0382625
0112230
1553656
1895587
0800320
4273800
10640346
1731141
1358522
6966692
0137363
0067116
0830515
2357129
5461944
0770752
9471404
0286486
5074352
0082694
0119528
0206275
0066921
2953050
0071129
0141926
0312528
0081912
0480249
0054997
0067328
10696784
0963794
5500218
6654210
5536736
0092563
2100976
0110932
1748227
0082971
1860242
0112642
0071807
17351924
0106387
0455944
6470478
2861424
0065126
0097958
0114694
0144084
0099348
2234155
0159097
1598822
0405094
5186714
0298130
0116365
1486834
0452046
0482571
12844910
0119396
0174856
10295212
6548228
0077928
0353049
1175491
0076752
3682448
2531344
1365519
11286314
0361862
0112851
0106246
0417217
0213149
2463288
6294822
0810819
2930604
1213644
0227538
1637725
5710514
0098936
0104348
0430922
0115685
0109424
0443701
0227984
0036613
3203616
0163187
3748528
2140479
5712554
0382992
0433400
6277462
0076759
0109707
1375670
1781769
0101414
0129290
0463034
17491088
3361792
0362478
0983946
0116277
0343818
0094137
3032476
0914798
1517268
3045616
1559547
0267913
1230414
0113824
3501584
0087800
5431890
1821549
0082340
0107362
0082495
21454134
0985694
0383574
3513500
2379713
1772264
1790886
0274812
0053285
2051879
1160419
0898367
3513498
0235198
0260866
0171363
5672290
0460989
0161081
3086442
1985966
2025690
2548396
0049366
1291584
0119229
0119173
0120891
14392248
0119807
1730768
1424432
8580274
5503686
0417148
0078748
0268380
1077258
1093908
8613070
3168230
1135084
3520702
0351977
0128853
0385700
0304141
0478087
2788316
16419074
9484998
6359956
0331632
0094963
0126029
10062292
0329575
2112124
0095963
0060107
2406566
1971325
5180504
0362227
1401152
0209958
2172934
0904208
0450314
1371111
2574698
0117438
0344510
2265398
5657846
0497465
2980648
1352824
8291806
0069704
1764234
2866360
0024216
1219342
0949731
2245084
0245803
0371724
0138304
2305051
0422720
13433802
4972582
0086960
0412253
10233448
0995039
0094540
0399146
0424993
0120157
0338526
4574334
2283748
1675434
0094291
1099212
4769836
0458290
0066026
0076618
0310775
6468322
0098724
2194499
0074860
1190634
0196229
2479478
0098621
0218967
8690918
1298644
0460649
0206314
0395699
1155592
0092005
7504726
0811138
0408306
0338095
0120731
0118998
0200465
1212436
1091191
0230600
0780521
0063350
0329774
0122933
0310793
0131325
8239946
0391304
6246322
0343660
2015381
0368447
0072684
0416449
9701942
8267604
0430308
13287846
8009428
0113855
0073629
2647544
0170016
0350258
0319343
10083340
1212428
4463894
0112281
0083658
3502248
2758880
0844471
0068182
1899353
0080453
0107659
0120744
1229340
0149460
4428122
6751668
7846844
0106308
1454029
10682266
2702724
0907657
4786282
0385726
0879870
0042192
0800369
0236493
0181536
0120787
12584954
5884052
0834001
7772588
6820256
1292566
0057076
11813216
2404233
0389564
1862079
5164214
0114781
0118929
0493405
0363771
0978764
0120382
0780504
1127180
1028532
0124315
0365686
0379217
0087469
1480684
0264235
0032904
1152836
1560220
0089370
7043012
0112461
2567712
2334879
1656190
1139328
0114508
1216475
10272386
0418279
0480687
14992922
11301886
0083791
0082085
8721424
6315640
1103987
8788458
1289401
0091369
1276419
0065421
0067800
0036868
10731256
1307824
1298649
1831164
0098635
0390384
0840196
1318514
0095016
4158096
0443473
0331811
1189073
1904996
7888964
9032400
0088847
0358135
8772262
1179891
1027718
0356470
1870479
0285331
0051201
1340138
11271038
0099582
0142342
0118421
0112740
0103873
0056923
1702443
0112864
0085636
0317648
10514222
0994314
0401711
0871426
0372784
0269347
0113497
4975722
0118617
6741278
2592614
1711525
1399683
5057054
2191701
1572315
0190138
0112346
0091790
4614584
0100935
0084503
0110475
0067185
8110330
0298203
0436697
0976051
1458175
0064665
0120915
1300854
7131622
0108757
0242653
1321860
0300471
0119094
5511582
1365050
0486583
8115900
0290673
0401855
0093300
6264654
11045422
0077416
13918776
1726592
1951265
2387499
0472062
0139809
5580036
0498380
0870984
0844441
2005374
0353969
0104291
2058673
5109280
0455590
1837576
0068361
0039628
1710308
4189022
0397535
0361217
0462538
1706593
7322224
6802400
2261391
2402927
1578873
0093886
0049470
0891527
0081455
0313737
0100758
0460780
5537002
0262150
0120912
8111088
0111257
0119468
3006802
5249462
8097030
3205802
0365376
6226232
0398017
13640696
0884732
0317919
0116669
0458481
0305206
0107978
1611224
13375076
2382320
2358891
11032374
0022100
0866439
0970411
2177461
0256009
0110413
1402488
0240468
4998632
10545296
1754656
0235918
0100814
1751634
2709692
0242519
0780622
0239395
0389860
2209418
0074156
0762073
0376994
1049413
3416828
0089881
0815241
11245972
0266308
0107131
0111438
10638522
0094964
1024943
0464154
5104604
0876563
0068699
2098220
0411061
0114369
1454468
0089791
0090728
9411972
0390521
0374887
0364517
6105098
0450259
0075860
8522006
14114802
0119282
0808506
8714904
8106534
0107211
0464141
0034492
0099871
8695030
0110148
3495026
0244244
1438254
0084827
1273678
1783232
0276751
13403046
2618986
0072431
15239678
4385888
0831887
3076658
0117631
0120913
0106145
0088484
0286788
0765120
5645432
0988045
1442464
1666801
0064116
0038787
0047478
4633694
4052882
0074896
0109635
0318462
0486551
0460791
2318092
0120784
1235124
0105417
4540710
5220122
1489428
8760932
0086250
0423977
0058150
0013442
0429493
7569576
0272338
0181852
7984734
0069995
0852863
0031381
1515091
0338459
0096061
0032976
0286716
1772341
0065214
0421239
0089755
16358384
1486185
1716772
0257756
0346156
27503384
0083131
1142988
0477071
0083564
1121096
0481141
0091949
9198364
0038650
0228333
0838232
4686844
0043456
0086383
0120746
0134084
0091867
2707408
0408236
2357547
0090555
0102798
1114740
1663202
0810913
0454945
0324554
1657507
11358390
1010048
0093692
1414382
0256415
10954652
2692904
0064757
0120201
1639426
5308322
0333780
1959563
0473705
1462769
0100477
0108525
1745960
8368408
0087553
5649108
0040522
23849204
0094012
0119654
0241527
0421357
0140352
7599146
0377981
0981227
0146882
0948470
0248654
0322259
0107290
0116231
0091541
14208870
1488555
2024469
1980209
0101862
0487831
10919420
0327679
1528100
1235522
0057193
0210070
0089853
0177971
0237534
0498353
0421073
1979376
0118655
3155298
0139654
2467372
2241351
6998518
0380389
3402236
15791034
4080728
0266697
2386490
1320261
1442462
3850214
0364725
2361509
0281358
12262116
0144214
7126948
1351685
7423538
0246578
2461150
0066434
10160976
1605717
0068327
0815245
1638355
1279935
0112722
1436045
8634332
0103919
6850820
1100089
0963178
7493974
2575988
3489184
0087538
1735898
11912196
6566576
5442430
0113749
1740299
1634122
0416320
0097981
0892318
1825157
8526872
1855199
0120177
5610554
4062536
1014763
5113044
0112792
0279600
1020530
0409459
0840361
1740707
0822854
0338564
1826940
0124718
1622547
0327554
2085059
0111149
0389790
0375210
0110357
0187078
3530232
0116209
0088930
0095765
0085750
0086006
0099810
10370710
0423866
0446059
0377471
0116629
0086465
5462602
0367089
6738136
1259571
0805647
0259711
0293429
0367959
0106677
2377322
0047437
13818368
0215750
1051904
2975590
1034303
0892255
0844286
17009710
0814022
0118615
9059350
0409847
2431438
0445990
0327597
8364368
0089670
12361974
9893250
3385516
0315983
0419706
27489557
0118883
0348914
1924429
0119558
0152930
0432348
0116996
14509110
11466222
0117802
1600194
0796366
0293715
0889573
0314331
2802144
0319061
0094336
1411238
1025100
0117509
1619029
7587890
1893256
0096764
0112442
0100944
0424345
3165612
0104684
0387877
0327084
0103644
3749900
12263384
12708542
2283336
0100404
0098800
0088011
0144117
0437086
1502404
0091203
3716530
9603212
0102492
0997152
0332047
7984766
0488120
1856101
5715874
2576852
0087332
4430212
5968394
4849438
5865326
0120148
1567437
0111282
0368226
4776998
0795368
0104694
0115759
0445934
0116313
0033563
1467304
0370032
1655420
0119874
0119177
0027977
0116367
0817538
2935476
0205000
0373889
2345759
0120630
6902676
0118548
3715320
2404435
0144120
0120783
8415836
0349710
4003440
0467406
9466114
1568921
6398184
1790885
0075148
0043014
1524137
2126355
4501244
0841046
0093409
11138512
3065204
5563334
1478338
5691552
1103153
0124298
1054606
0082198
0364751
0044741
1038686
0059113
1205535
6077448
6565702
0362359
0338466
0112579
1699748
2709768
0098627
0095159
1517451
5918982
0340855
1748122
14966898
1843866
5535276
0324216
0118799
2034800
0101272
0102034
8421350
0266489
0349825
0056592
0363163
0073486
0458352
1130884
0800241
1878870
0064505
0453562
0805564
8912936
0427470
0450385
1334512
0404390
0018455
0379786
15671028
21867434
15654328
1345836
0113198
0117913
4649466
1630029
7235466
0097576
8291224
1979388
0451094
0278238
3488710
3393786
0460644
0431308
5294550
0120188
0889583
4622512
4048272
4995790
0449088
0498399
1703199
1647668
2990140
1477076
0804461
1078588
4550098
1698641
0106673
0433362
1231583
1258972
9263550
0463985
1691916
0427152
0367479
6292852
0193676
0295178
0400497
2381941
0099052
0460627
0450405
1179904
0096754
2179136
0265029
10554232
1872181
0185431
0475784
0990407
0067992
0338348
1189340
2189461
0477051
0106697
1583421
1355683
4160708
1390411
0101393
0058329
2737304
3201640
1023481
0103939
0119008
0095742
7740496
2788432
1086064
4209788
1632708
0960731
0180093
10366460
3235888
0129167
1135487
0243155
5016504
9770150
1837492
2395427
2557478
1119646
0275137
0080339
1182350
0079944
7660850
0473308
0318871
0113957
3691740
0150377
0107206
0033467
10638036
0084726
0125664
0093260
0978762
1692486
1029234
0873886
0251075
6320628
0164184
2226417
0758746
0790736
0347618
3460252
0398165
0420294
0086197
1201607
0816711
1645170
1139668
1931533
1343727
0381707
5897304
0244365
12004038
3224458
0127723
0117731
0352248
0061852
2094262
5052474
0113117
2203939
1333125
0460091
0338094
0343737
1670345
0061395
2239822
5774450
0364970
10696896
0083907
27719898
9620288
0435651
4916630
0096969
16431870
0305357
1547234
0434409
9777644
0493464
0094812
1700841
6920084
0047396
1334260
0114924
0097202
0120863
0111503
1976009
1403177
5363618
4154796
6394270
5028340
1596343
0116136
4832640
1311067
0158552
0887883
0427944
0266915
0106489
1205489
4126476
0130018
13345606
1596346
10633456
1588173
2184339
0088939
2370248
2446980
3647498
5813916
0803096
0102975
0245562
4016454
1485796
0287978
1912398
1548850
0499097
0404032
0406816
5117670
1798709
3099498
16426418
0120794
1440728
0480025
0045793
0466342
8041270
3398228
0113627
1442437
0119051
0414055
0050976
0388125
0093640
0119174
1872194
0044079
0060196
1037705
1161864
4288182
1677720
1055369
7462410
2908446
1220719
0359950
9412098
10168670
1242422
0102266
0112883
1217209
0090060
6111574
12735488
0099685
0074958
0075686
1462758
5776858
0086541
0364569
0118607
5013056
1057500
0765010
0069293
1379182
1661382
10016180
7908628
5073642
0454848
0264616
0064276
2567026
2372162
0097523
0877057
0029947
0095327
4190530
0410297
1000774
0151804
0071877
0101921
0974015
1228705
0443489
1411697
0091530
0421082
0366627
0084707
0448134
0120689
0105112
1327194
0328538
4154664
1605783
0083987
6673612
1486217
0120812
0396171
0402711
7125860
0092493
2188671
0106179
1528071
0068611
7456722
10366206
9612516
0357413
8760708
4244994
0071222
0160127
4302938
0119715
0414387
0453556
7557108
1687901
1130080
0368909
0080678
0119223
1606389
0804503
2771372
0107798
4846232
1416801
0185014
0117666
0328880
0230838
0185183
0118715
0457430
2948356
0409591
0303816
0756683
1126618
0143145
5726086
10172266
1080016
0810922
0489099
0102070
0316396
14998742
0218922
4857264
3079380
5788792
5027774
0159206
1615160
0073650
4225622
1646987
0096548
0910936
0364045
0096874
0993840
0273923
1764651
0190865
0032551
0044081
0266465
0118571
6977338
0097351
0106004
21235248
0977855
8244784
12327578
5090568
0042876
0200550
8075192
1606392
0121164
0100502
0097815
0070355
1524930
0369610
9319668
0093894
0119164
0119567
1204975
0043265
0453451
0367594
3605418
1421051
0388419
0465551
2494362
0114214
1758692
0257360
0790724
5932728
1964418
0208092
6343314
4481514
8416494
2364841
0342258
0114709
18925334
1067774
0988047
0758758
0397892
5519340
0117008
1197624
0408839
0091129
0080761
0212671
0173840
10304142
0112471
0399201
2463208
0108550
0119167
0228786
0804522
15314262
0293564
0090264
0258463
2101441
0421206
0293662
1032755
3281548
0110950
2883512
0139239
9251798
2017020
0391198
0308644
3606752
0443272
1840309
2948372
0103060
0295701
0069762
0095953
1855325
1374989
1571222
7550000
1232776
2704998
5962210
1772250
4364194
2268016
2381991
0047673
0490204
0243655
0298148
0091419
0971209
9214832
0095489
1856010
4034354
0099371
14230458
6133466
0098904
1798188
0414852
2357291
0425210
0471042
2654620
0132347
0119116
1188996
0070034
4925292
0116040
0030341
9362722
1440292
0481369
1712261
0048280
2234222
2304933
7826376
10811166
12747748
0238936
1650062
0091167
0477347
0200276
0112817
1185416
2402101
11823076
1313104
0049406
0160862
1065073
0111686
1542344
0120184
0277027
4465564
0277371
2848292
0816462
6048922
2177771
0119488
0105323
2302755
5033998
0118749
0280609
9731534
0109836
19854762
1850397
0098084
0241303
1475582
1691917
0393162
1764183
0120885
0085334
2071645
0322589
2560140
0093010
10293406
0214341
6266538
7203552
1956620
2364582
0186566
4877122
0083511
1413492
0208003
1733785
1022603
1344204
0086190
12411074
0305224
4604612
15428134
1408101
0373883
0120655
2980592
0901476
0010323
0434706
0107616
0238380
0315327
3661210
10541088
0926084
2243537
0111255
0800080
0089092
0465602
4595186
0881320
9114286
5164432
0125439
6679794
0119738
10698680
2294629
0451279
0050986
0121955
0808510
0127536
0097027
0248126
2178470
7975244
0083866
8663516
0434665
7671598
1124373
5649144
0120735
0898266
1132620
0290334
1723816
0079470
17663992
15354916
1974419
0107688
0375679
0181875
0491738
1532503
1017451
0243133
0074812
0087182
1910272
1839578
0780571
0829482
10280276
27459160
0361748
0423294
0808279
1837642
0117998
0496424
0414993
0092965
0075005
0040897
11161474
0049730
0115157
1723121
1019452
0305711
0094889
9419884
0424095
1228987
11233960
0406759
1073498
1502712
0452637
2891574
11311302
0988824
0068473
0381849
13320622
1582507
6857112
0295297
0370986
0113101
6611916
13841850
1045772
2404461
0172493
1398426
15325794
0805669
2106361
15326988
0280486
3799232
0120663
1625346
1043726
1231587
1540011
0903747
3848892
2802850
1614989
0368933
0862467
0240462
0120902
2710394
0046912
0388473
2322441
19770238
0120789
0865556
0112159
0145681
7520794
9561862
9243804
0139699
0121765
0292963
0146309
1289406
0062229
0119707
0115433
0307901
8178634
0142688
0455824
0100157
4575576
2737050
0091064
0105690
0363226
0343135
7569592
5109784
1194173
0099077
11564570
0086066
0086879
0169858
2699110
0085959
1104001
0204946
0117333
0306047
0120623
0206512
9866072
0317219
0808151
1567609
0420223
2384811
1270761
0832266
1245112
0098282
0159273
0099088
0156887
6189022
4495098
1034032
1182345
1305826
0815236
2306299
2103281
1649419
0063522
7057496
2070791
1233227
3359350
1967545
4139124
0419887
2872718
0079501
0477302
1288558
2149175
0103786
0935075
0070328
0232500
0080801
0829150
0114388
1385867
4139588
1442449
2235759
1741273
0096283
1821694
3416532
0054953
0085407
0102685
2388771
5478478
1877830
1098327
0083530
1832382
1277953
9253866
0851578
1234719
4172430
0106918
2053463
0111301
0351283
3339966
0162065
1258197
6587046
1704573
0277434
0393109
0112401
0286112
11280740
0250223
0952640
1190539
0250797
0309377
8289930
0384116
0056217
2369135
3169706
1082807
1212419
2119543
0119822
0083944
0407887
1596365
5034838
0325805
13603966
2283362
0061184
0109254
4560436
14209916
0112913
2316204
14107554
0110216
9354842
1403981
0053198
5834262
11024272
0131857
2205697
3410834
0113189
0357277
1111422
1830617
0082406
0387898
12888462
0089880
0368008
0477139
0120889
1109624
0115751
14039582
14650074
0307987
3097204
0107048
0233142
0449059
0313043
4651520
7315484
7949218
1954470
0799934
0086837
3612616
0327247
6333060
1951266
0455760
1907668
0119395
0397313
0388629
7349662
1408253
18411490
1063669
5688932
2387559
0095647
10919380
0385004
6265828
1298650
0080684
0452608
0067093
0384806
4468740
4052886
2328900
0154506
0090305
6317068
0094898
0110367
4046784
4136084
0110366
3704428
0765443
0325703
7991608
0251160
1132626
0120780
0106519
1714206
1815862
0255798
3348730
0116409
10539608
1869716
0046438
0418455
0485947
7395114
1291150
0095271
0103064
0910970
1312171
0184894
0837563
1058017
1441952
1084950
5421602
0100050
0795461
0299658
1041829
1631867
0175058
9170108
0052520
1024255
1135503
2039393
0356618
4779682
7920978
3315342
0058331
7144666
0062512
8398600
0396752
0120693
0416236
0138097
0402022
5592248
0372532
0800325
0093777
0108160
1240982
0317705
0482572
3312830
2109184
2802154
0163651
0335438
2267968
0175142
0213847
0283509
0092991
5433140
0472043
0327437
9347730
0432021
0227445
0104952
0092455
2401878
10999120
1655389
0384793
5420376
1504320
0031679
2937696
0108399
0075784
0356150
1727776
1038988
1590193
0450232
0104691
0025316
0299977
0285403
0098439
1075747
1399664
4145054
14856980
0182789
0054698
1470023
1931435
0439100
2387433
1043813
0120601
3967856
0185371
0166813
0090859
0087363
0116683
0443543
0075029
6402468
0799949
0103772
1226229
0385887
0109831
0165982
7335184
5675620
7668870
0099253
13622776
0388482
1606378
0758730
0109045
0031971
2713180
0074483
0102511
1222817
0413300
2231461
1166100
0450345
1323045
0369226
0120907
0060028
0844479
0435705
4530422
0120338
0947810
0416508
10298840
0385880
0056197
15677150
0186151
12809988
1253863
0104714
0838221
0258153
0115956
1564367
0115857
24268454
1126591
1853728
1628841
0061512
5862312
0309593
0762107
0452623
13833688
0862856
0405508
8589698
1763303
4971344
0097428
0050613
0102138
14253846
1723811
0316654
2390361
8368512
0046183
0029583
0103759
1074638
11858890
0050083
0086567
0466909
7146812
0109686
0468492
0101410
1921064
0369702
1489887
0163988
0328107
0035423
0369339
0108255
0106364
1139797
7549996
0795351
7668842
2334873
1191111
13452446
0238546
0072443
1462764
6878306
10888594
0104036
0072500
15398776
0125022
0407362
1034314
0425637
0053221
0120434
0092400
6452574
0480242
1663662
1837654
0490215
4044364
7134908
2076220
0120347
0106226
1758810
0120587
0108037
0219965
0118276
1954347
0089218
0443632
2091935
0367882
0097474
1083452
0120669
0017925
1196141
2334649
28184392
1758830
0491152
0252866
0483607
6644200
5168192
0120888
0117951
0090605
0119256
2333804
11145118
0047296
0817177
0118583
0979432
13521006
1430132
0287717
0099141
4912910
0183649
5726616
10665338
1418377
0462499
0085995
1726669
1315981
1433811
13443470
1045658
0418819
0096697
6905686
1245492
0120667
14169960
0423731
0472954
0057546
1355630
2234003
1386703
0086979
0120679
0128445
26548265
0091209
1071875
13111078
0473075
0137494
0178868
0087277
6856242
0824747
0088944
0120681
0134273
1210042
0384537
0183869
0480669
10365998
0318649
1129442
1800246
9421570
0094737
0185937
6263850
0088846
0109830
2884018
0418763
0420332
1474684
1502407
0299930
0106965
0032910
1587310
5758778
0111280
0083399
10350922
0114558
4572514
0387564
1767354
0410975
2139881
3741700
0052561
11003218
0099329
0408345
0243585
0099365
6259380
1231580
0120616
2316411
0102510
1375666
0349903
0058385
0295700
0146336
0073195
0929632
2293640
0245674
0457513
1213641
0397078
0116778
0934814
2004420
0120844
2837574
0107822
0378109
0109642
0147612
6663582
3531824
1190080
0383028
1560747
15979666
9362930
0095174
2582496
5022702
0371246
0478134
0093191
9052870
0163025
0112508
0044706
0096895
1070874
0371257
0421054
0783233
0284490
0112715
0312172
5638642
1046173
10676048
10189514
1232829
10403420
5113040
0319262
0300140
2333784
0107977
0101889
1403865
1322269
5834426
1695360
0165798
22014226
0287467
0337741
11712058
1272878
0146984
9243946
3526078
0102803
0150662
0090967
2076822
1937149
0831387
0085549
0066206
0278435
0017136
0265459
2125435
0080120
1843230
2396589
2531336
13024674
0758774
0036775
14230388
7825208
0068098
0055254
0145660
0385267
0119978
0097814
1959490
0042546
1707386
15327088
0130827
8847712
0099487
1690953
0083922
1853739
2310332
0096463
15477488
3647998
2403021
1181791
0275491
9288046
1033643
2527338
5727208
1433108
0082348
14539740
0114787
6412452
1610527
1355644
4474344
5884796
0056193
12680684
7657566
0096734
0283111
4834206
0088763
1187043
0169102
2361317
0118972
0360717
6742252
2452042
3469046
0101507
1489889
0088128
0098206
0844708
0113540
0093105
2798920
3498820
2209764
1655441
0332379
4123430
1939659
13833978
0486576
0111756
0848557
0089822
5618256
13238346
0110322
1601913
0070047
0070608
2557490
0494238
2312718
13159924
0405159
0100802
3390572
0079417
0110997
1216496
0477080
0349205
0384680
2446042
1216492
2404311
0243736
0780511
11057302
0146838
13664684
0259446
0093693
0398808
0098536
1205537
0456144
1172049
1555149
0073707
0306414
3322420
1686821
0347304
6791096
0107144
1270798
4687880
1791682
14109724
0026029
0301470
1007028
7456310
0098067
13274016
1195478
1623288
0986264
2017109
0380510
0106582
0309987
