120934913
137389564
1180142
8958126
0307374
17414994
1576815
0537082
106380780
174238502
0905261
25305531
151903977
7166315
4027771
94119046
1748355
1308458
1591610
3485512
123289852
131730902
117270546
75523346
0260400
25276230
22484170
20409127
2499017
17848784
89378501
0906933
42689548
0398570
3001543
66488410
12917690
133361230
0866785
89333699
138815869
20725041
4386406
0382023
0438586
4015888
0309983
104763420
3847467
11423174
1587684
3460843
55532299
29372555
37913663
127683169
0797878
135925400
20404889
69193363
156429443
6737510
0712102
134287437
1268881
9227049
135589350
156437613
55228439
16924960
118998544
1773414
114789298
2286081
5383426
0145513
22741575
0316563
0969018
5387922
1601237
6201371
17426269
5658665
1683855
64686964
33629337
105082429
60438039
120419580
151450128
22844963
0327000
10663617
0684239
150324930
75206260
91412471
6168639
114821307