468569
1375666
111161
133093
110912
816692
109830
137523
1345836
120737
1853728
114369
68646
167260
372784
102926
361748
167261
499549
848228
172495
76759
120815
88763
993846
7286456
1130884
2015381
80684
407887
103064
482571
107290
108052
1392190
81505
78748
120338
910970
371746
209144
2488496
120382
82971
88247
99685
1049413
477348
1431045
86190
266697
120689
114709
325980
1454468
266543
167404
110357
4154756
2267998
4154796
169547
95016
71562
434409
3659388
105236
903747
114814
110413
83658
145487
770828
90605
944947
435761
198781
338013
2395427
1392170
73486
119217
75314
264464
1843866
2543164
800369
1300854
120915
1663202
458339
317705
1228705
1825683
112573
2278388
2582802
3498820
1631867
73195
121766
97576
62622
2911666
7131622
120586
1074638
54215
3315342
382932
6751668
1446714
118715
1285016
5052448
1211837
107048
2096673
478970
369610
903624
5013056
1201607
241527
1119646
121765
1877832
2975590
246578
66921
3501632
316654
268978
1856101
947798
480249
1136608
381061
50083
2084970
8946378
451279
2562232
116282
126029
93058
2527336
1392214
3748528
1010048
1270798
378194
3896198
1386697
816711
86250
1160419
2250912
1205489
416449
60196
2802144
948470
892769
78788
470752
1981115
4574334
2294629
454876
780504
413300
3460252
208092
113277
1024648
144084
245429
1045658
120903
383574
180093
1156398
6644200
1798709
1170358
99785
796366
2024544
457430
75148
365748
120363
2872718
418279
1504320
116629
401792
1276104
295297
469494
304141
8579674
253474
1951264
1877830
936501
4633694
5463162
1396484
119654
114746
1318514
988045
181689
3890160
405159
330373
34583
1637725
162222
119488
1670345
449088
443706
10872600
3783958
1250777
96874
234215
440963
4154664
117951
373889
258463
926084
409459
417741
290334
421715
1483013
6723592
87469
1745960
71853
1457767
211915
240772
15398776
343818
829482
84787
317248
5027774
47396
1323594
2119532
1663662
364569
945513
1232829
6320628
2948356
425112
2310332
4972582
1872181
1229238
1219289
2380307
376994
458525
1727824
11286314
800080
206634
1408101
108778
112641
2872732
367882
57012
2527338
2103281
38650
441773
120735
6710474
1270797
97165
118799
1675434
831387
70047
95953
758758
33467
4425200
87332
3397884
93773
1430132
450259
1475582
6966692
1800241
242653
1477834
407304
1259521
2179136
2245084
467406
99487
1677720
1535109
83866
1298650
1895587
367594
1520211
298148
268380
117060
1596363
2379713
1343092
974015
32138
449059
3183660
830515
887912
99088
5580390
2713180
92099
119116
52357
1535108
1022603
360717
1517268
448157
3385516
319262
332452
217869
105695
120616
387564
454921
898266
790636
289043
5095030
1772341
372183
92005
446029
103639
7366338
335266
1217209
942385
2381249
93779
327056
119567
317219
1568346
101414
88847
1951265
96895
181852
369339
1659337
1570728
332280
1979320
1950186
91763
398286
356910
1060277
1411697
91042
1490017
1706620
362227
2283362
1790864
780536
405422
1190080
1454029
3170832
2584384
289879
2980516
110475
139654
117571
314331
1355644
6146586
119174
1245492
9419884
120591
4912910
217505
111257
1210166
443453
1014759
7784604
1515091
1723121
2382320
1302006
286106
1179933
79470
2085059
86879
448115
1190634
2798920
1055369
1499658
3778644
438488
1650062
100802
315327
2356777
840361
325710
71315
382625
375679
53125
317919
1630029
94721
1403865
455944
1099212
3731562
337978
109686
351283
113497
363771
3480822
1399103
1605783
1182345
386676
15239678
6334354
119094
8111088
458352
81398
6264654
1840309
2316204
8772262
120912
77651
1291584
12593682
104431
120755
162661
773262
298130
11564570
338751
230600
112864
970179
1065073
3799694
4881806
1690953
163651
1453405
1587310
319061
9376612
1409024
6857112
964517
377092
120663
477347
166924
119396
99423
361862
232500
493464
265086
790724
3032476
347149
765429
1637688
3682448
357413
2294449
454848
77416
884328
119698
163025
1542344
103776
56592
2820852
1517451
1340138
107688
118971
56172
3521164
167190
443272
99674
64116
2737304
120667
10919420
119528
1907668
103644
411008
1343727
3606756
93870
10648342
1320253
2861424
4160708
3040964
1282140
12361974
278504
887883
1905041
460649
1707386
4263482
1591095
1213663
408236
388795
360486
212720
31381
80339
2948372
47478
1371111
9764362
120201
106977
3235888
1748122
1596343
1598778
3450958
2788710
1192628
1104001
1646971
1951266
368891
6791350
462538
120601
117500
209163
4975722
328107
3076658
96283
349903
116367
7126948
475784
1790885
94226
185937
212338
7888964
87843
120623
4649466
1068680
443543
10048342
7653254
112384
4925292
8367814
190590
363163
61722
317740
7349662
389860
332379
109040
2194499
878804
413267
348150
437086
1193138
87800
5727208
96697
343660
7349950
4034228
405094
9032400
238380
1037705
6823368
319343
396269
110148
45152
119177
1133985
2935510
258000
2109248
2140479
2277860
478311
107614
3402236
433035
112471
1245526
910936
118884
53291
83944
472043
3322312
381849
1125849
89218
359950
1051906
104257
2660888
1979376
195714
1289401
120611
59578
2321549
111503
83907
118583
118688
1655442
1645170
9362722
10954984
3065204
4550098
1638355
119822
120762
100405
70735
2771200
395169
72890
1302011
118880
75860
175880
6263850
1790809
286716
1194173
2582846
363547
2004420
10366206
5442430
119008
2397535
257044
1028528
5180504
213149
448134
944835
5700672
399201
1001526
7713068
129387
190332
2106476
8332922
10838180
2582782
151804
87363
79501
147800
1856010
399146
2024469
1706593
118749
185906
75686
2302755
7984734
99348
1922777
120812
1764651
100157
822854
1959490
120804
3263904
112462
57115
401729
452623
93409
450385
5034838
63522
453467
43014
496806
1386588
113189
1650554
1386703
183649
463854
1397280
800320
97757
5362988
486576
1179904
59742
435625
67992
289765
121955
77631
1152836
1478338
379786
1041829
411477
489099
52618
1735898
58461
2704998
338526
1306980
95327
175142
116695
432283
1823672
473075
368447
3581920
838283
1231583
96438
3464902
412142
327597
1951261
74285
399295
64115
1187043
1817273
196229
50212
983193
1092026
309698
808151
87538
1424381
432348
56869
293662
80678
91064
6450804
102057
3079380
449467
63442
298203
212985
170016
5109784
1385826
181875
1197624
9140560
1931533
1234721
2184339
1731141
5580036
78346
448011
4123430
3741700
898367
9114286
6139732
118655
5606664
381681
1077368
985699
105323
1091191
58150
844471
121164
438097
129167
116996
125439
1253863
1485796
290002
837562
94737
2126355
50825
95765
320661
82096
265666
182576
1601913
1013752
409847
112442
320691
783233
11866324
4196776
117998
5726616
1139797
5083738
97428
103874
82694
7975244
455275
2322441
370263
84516
11138512
9140554
9603212
4555426
2442560
1213641
1148204
1632708
463985
425210
486655
98904
1440129
335345
338348
27977
1033575
322259
98635
1210819
187393
386588
1127180
6499752
14230458
1855199
955308
6105098
123755
7097896
3110958
800039
259711
29583
1211956
134847
141842
287978
120855
375063
1981677
32553
103772
1401152
118929
429493
246460
120669
765443
120630
74958
259324
2802850
2345759
119081
83987
4158110
86960
2334873
46912
1442437
9243946
11813216
4779682
110632
203009
72271
364725
978764
1959563
1219827
108399
949731
145660
462499
53604
6565702
120685
117381
90756
119282
4846340
101540
106856
408306
96754
133152
803096
824747
397892
2316411
7991608
373469
106308
4630562
1899353
88846
99653
2293640
486822
120660
92991
94012
1375670
80455
425061
358273
116483
120082
2209764
3704428
1628841
374900
107818
187738
420223
41959
9777666
6443346
1080016
108550
1288558
311113
892791
177789
2306299
4513678
94898
1365519
976051
2406566
1649419
99810
1462764
299658
366548
55928
2404435
8936646
479884
66999
1588173
61512
109445
89927
1464335
58331
109506
1259571
2229499
1028532
5164214
79817
1623205
8228288
17136
1964418
1502407
6806448
457939
2906216
5537002
120347
5753856
187078
134119
215750
479952
384537
82340
268126
1441395
2334879
477080
1700841
814314
102685
120917
93748
183505
479143
117705
143145
5311514
465234
2361509
47296
118571
172156
80761
112697
33870
1560747
2005151
2883512
1189340
7798634
9620292
414993
1560220
95705
2637276
42876
497465
4178092
1155076
439572
275847
36775
1617661
1489889
266915
158983
825232
8041270
295178
2719848
252866
2557490
4046784
2239822
50976
61852
3416742
92890
94625
339291
1340800
100403
2707408
88944
1436562
1606378
87182
117509
97958
84602
970416
40746
181865
96256
21749
106697
1077258
795421
1815862
15791034
7144666
296572
72431
758774
1016150
1078912
1502712
3741834
250494
4701182
427944
10954600
481499
387808
63350
2381941
1798684
4116284
3521126
1216475
1649418
993842
111282
414387
72684
450278
6718170
22100
3228774
109707
106519
305224
5848272
1013743
1220719
318627
1599348
489270
7668870
1596365
353969
1980209
1046173
90728
2080374
993840
1212450
315733
120863
112281
2231461
146316
120655
114898
3281548
120647
12037194
9639470
461770
371724
2709768
1465522
266308
138097
455590
2226417
2193021
312004
1291150
1038988
100814
272338
13833688
1132620
389722
32910
432021
499448
306414
1124035
3829266
307453
7631058
6763664
3532216
1111422
243155
71230
195685
2953050
93894
212346
130827
1272878
1217613
103074
106677
10954652
2467372
3567288
1314655
959337
44079
465538
1398426
102798
914798
2908446
2140373
221027
430922
128853
1355683
6628394
40522
3794354
1325004
114148
57076
892782
6266538
1243957
3631112
97733
75005
245712
54698
1229340
293429
265208
1935179
119643
396171
2053463
303461
117665
55254
13560574
207201
5715874
4209788
309593
2066051
104691
448694
11083552
3104988
327084
372588
1262416
363988
99938
5290382
985694
107362
478087
115798
82010
10293406
6468322
86465
362270
311429
17279496
9770150
4276820
3107288
67116
3766354
2333784
163978
95159
2463208
1972591
5308322
5104604
478304
452608
5519340
82198
134084
960144
6294822
15474916
367279
1428538
2042568
3553976
417299
42332
5884052
144117
814255
101272
97523
93437
89880
2404463
1136617
2446042
1844624
106179
1305806
389790
68473
1464540
905372
415306
102138
85334
488120
1231587
460681
1661199
2094766
1723811
918940
34492
1059786
1667889
366551
302886
11198330
140352
1013753
359013
128445
274166
108160
12747748
142342
475290
2267968
6412452
93822
877057
829150
385752
3393786
105793
116209
6155172
1872194
120746
5814060
4062536
443680
108358
93177
1564367
10272386
112851
1284575
84726
1832382
1568911
77402
4520988
2873282
2023587
7146812
96928
454841
5071412
142688
1860357
1458175
13143964
23289160
32976
149460
88258
1255953
1139328
1120985
8760708
5439796
401855
117008
91203
810819
838221
1469304
418763
73629
89530
1277953
1155056
160127
122690
1528100
54331
13443470
116583
42192
986263
416320
485947
2975578
388482
1032755
107207
120587
2120120
870154
481369
1527186
1321870
308644
93105
375912
138704
40897
88323
251127
376541
210945
2554274
7556122
3322940
183790
2170439
1673434
120188
177971
408790
938283
119345
1109624
9208876
1070874
1220634
7657566
299977
244244
380510
1646987
1439629
9484998
859163
1324999
990407
4244994
87544
53285
328828
79417
4052882
7740496
43274
356150
756683
1935859
117913
104952
421239
2209418
1411250
8079248
2388715
1462758
1188729
5052474
7846844
8244784
8466564
1583421
71360
5022702
468492
2692904
458481
442933
1242460
2234155
352248
6343314
59800
48280
3300542
11858890
94291
18412256
379725
51201
424136
272152
330793
14849194
974661
1266020
145681
31679
1399683
61418
1100089
81573
340855
44706
1821694
1605630
11291274
2357547
3316960
74119
1632701
324216
97441
3371366
11245972
414982
5462602
263488
350258
46250
978762
333766
94862
104714
307987
3289956
1446192
4786282
758730
64665
46183
120681
91369
8106534
241303
4302938
100150
387131
1502397
337563
92067
149261
293564
1764234
482606
5776858
498380
55614
1549920
33563
1019452
1796960
7959026
1267297
10234724
12801262
2866360
2674426
2494362
117731
369179
99077
295701
385880
1809398
48424
2283336
1611224
55630
5140878
890870
398165
1312171
172493
4729430
10640346
4566758
1837492
1091722
164912
113568
462322
146882
3915174
112431
1939659
1253864
1279935
358082
122151
118694
84827
25316
257106
1648190
101507
398808
5675620
1821549
96320
276751
120794
5886046
139134
1684562
52311
89881
79116
3569230
445934
780521
164052
1335975
963966
13345606
62512
285823
1411238
3062096
10638522
5108870
1007028
7040874
4016934
13320622
435705
1727388
74486
7752126
1187064
2560140
265459
120891
17351924
106918
2671706
471042
98936
12349
38787
307901
109831
70608
15679400
455407
3011894
758752
122933
85794
79522
3470600
391198
77975
1007029
161081
473705
84805
1600196
120789
70328
2180411
2243973
13442
490215
433362
70511
373074
120484
215129
24216
2372162
417148
790736
113247
5109280
310793
112642
2096672
1588170
104070
113627
365737
200465
918927
373883
32455
4172430
889583
70034
3774114
1855325
4846232
11271038
97216
1142988
1636826
5742374
1131734
1979388
120784
986264
6856242
90329
79945
120768
1571234
1615147
97351
253556
6394270
100507
87928
120888
43456
1226229
4698684
1390411
114069
5758778
85995
3152624
7737786
66995
1389072
267913
7322224
465494
413099
1618434
2101441
804503
106582
99864
1057500
70666
453451
404032
15671028
464141
10986410
3469046
79574
86567
7069210
3748172
306047
99871
92644
111070
7767422
12637874
125664
436697
424095
8097030
76752
1862079
834001
472033
110322
472399
2386490
53198
71807
76786
4530422
327554
1228987
758746
876563
79944
86979
49406
822832
2381111
1205537
86541
322330
134273
116922
329101
133751
451079
3811906
44081
54047
98084
443274
1206885
70379
266987
227538
369441
381707
4695012
1634122
10366460
83929
3749900
2543472
5649144
1615160
60827
1590193
49730
5433138
1067106
95956
1981128
10288566
97493
97742
346491
101410
64276
2854926
80487
929632
980970
93428
16419074
1132626
373051
1025100
295700
2369135
4034354
15864
120744
349683
85333
104348
8364368
257360
116705
4052886
1878870
1853739
82495
256380
2191701
92965
1528854
390384
2222042
365907
103919
21884
70917
1488555
2265171
99700
475276
90264
230011
112508
113492
2177771
2548396
2561572
85959
2034800
277296
106489
5774060
1596350
1351685
97814
117218
10676048
66206
1478964
261392
118842
1489887
1655441
1622979
5363618
82398
88011
10016180
5638642
64757
118615
9561862
2557478
277434
2402927
3640424
9421570
1058017
1714206
1144884
159097
107977
17009710
3874544
837563
7395114
10151854
2278871
13287846
88930
3488710
3072482
285403
870984
7405458
335438
406375
117438
14208870
14209916
436992
113855
133240
361596
1129442
4873118
2848292
1034303
268695
2400463
88128
22022452
69704
397065
1121931
7221388
102510
368226
93010
61811
1568338
947810
9495224
472954
780571
11389872
87884
10731256
120890
80749
10160804
1033643
2692250
11214590
56801
48545
1114740
86034
90555
216216
32551
96061
17925
92007
107120
805564
184894
3967856
159365
465602
2364582
1488606
1790886
2980592
1172570
2404233
7335184
4123432
112740
97239
8847712
4218572
13668894
105112
280590
870111
96446
419706
813715
1179056
1233227
96969
23468450
162346
4500922
862856
10665338
120783
92455
50986
88170
2510894
245844
325805
251075
146675
9620288
1488589
452694
1234548
290673
6166392
443649
107206
126886
38355
80120
5834426
281358
4731136
4686844
1496025
3195644
9243804
430105
288477
1623288
9893250
7979580
1206543
1054606
1675192
2024432
118689
1020072
2582496
2446980
95647
128442
1602613
120907
402022
15314262
259446
6027920
780653
182789
116213
1791528
1911644
17663992
1263670
98554
371606
481536
418689
164184
2338151
405296
393109
1124373
4094724
1389137
325703
186151
103855
2870612
96657
1142977
65214
85407
2274648
1071875
475394
6998518
435651
116365
56193
95631
10857160
89175
439815
472062
2431286
1034032
4225622
1482459
10298810
450232
13433802
3606752
86200
1438176
1189073
5834204
3531824
1470827
11126994
355295
242423
396555
7660850
5074352
2305051
424345
338564
102059
409182
842926
119303
832266
765010
58385
1017460
1974419
4468740
115433
109444
4955642
1980929
250687
12584954
119164
1758830
110622
390521
106220
11358390
65421
77766
292963
454945
1307068
1051904
4857264
4572514
1616195
91474
55031
327850
227445
464154
247638
14230388
92563
67023
790686
1524930
3359350
98206
433383
100758
249462
276919
243133
118887
4438848
418819
762107
452702
2649554
1119644
93629
1547234
1086772
368008
3581652
54997
56218
154506
122718
120184
43265
1334260
1692486
77745
1204342
12261776
1001508
56217
274558
103873
104694
1258197
251160
427327
257076
1298649
18925334
9288030
410297
76666
844441
2312718
1226273
11280740
6741278
90305
345950
10633456
56923
8155288
113749
3224458
795176
235198
397101
245574
137494
119229
5028340
3605418
3882082
1536044
452637
5171438
431197
1606375
102266
1477076
209958
114214
2139881
118928
8695030
17024450
83511
1440728
12003946
1532503
100502
2199571
264616
86393
1682180
57546
91419
48728
1020530
129290
93389
11003218
3513548
1915581
2241351
8404614
1924435
2741602
4998632
298814
10618286
430357
190138
467197
1921064
1985966
343135
102975
3850590
384806
22687790
105417
111280
61184
82418
88993
4786824
1135503
2404311
1259528
386117
3230854
1854564
15789038
3691740
2261227
14998742
285331
3381008
13238346
98439
5688932
1333125
115685
4481414
1204975
455824
91605
82406
44741
1985949
91326
497116
1606389
5971474
2567026
253754
2170593
89686
338337
328880
449010
70723
822847
3713166
407362
431308
1536537
3717490
7984766
9253284
14539740
104797
119395
17526714
816442
1506999
3316948
12263384
2763304
115759
5687612
15325794
1029234
383028
10574558
69293
9784798
3920596
1860213
2592614
277027
844708
314353
6027912
120657
101889
2057392
337741
6257970
393162
292506
486946
119738
88939
105690
4682266
114508
815236
10155688
970866
120102
405325
362120
230030
88680
117666
8633478
120694
1904996
1201167
300471
1467304
165598
305357
2304933
111495
7014006
395584
3398228
118617
118883
3387520
1038686
12789558
62765
110478
313542
164181
1174732
356634
120873
117318
61578
1937390
7939766
427152
455760
113409
74860
462504
6048922
218967
1397514
75029
1034415
115963
95489
91251
6292852
6924650
1911658
23561236
89885
114388
465580
69762
164334
280707
2203939
116908
52561
5719748
99582
1586680
120780
113161
78841
3322314
2661044
119137
113118
7160372
59113
979432
453562
106611
98800
169102
171804
6189022
795368
