2017038
8178634
0397535
8503618
0049366
1924429
0303816
9071322
3410834
4651520
0480255
0384793
0384766
0156887
0816462
14966898
0010323
0036342
0101452
0116225
1137450
0293508
0108037
0952640
1615065
0348836
8613070
9362930
0052520
0400717
0808279
1726669
0086066
0159273
0367959
0120324
0335245
3348730
5503686
0277371
1448755
0452594
0206512
0150377
0245674
0988595
1486217
1843230
0385004
1442449
1634106
3203606
2359024
10539608
0100935
0060028
4364194
0109254
0487831
1622547
0021814
0185183
0480687
1567609
26753003
0049833
2381991
0416236
2334649
0095031
5164432
4501244
0337921
0265349
1327773
1045778
1412386
0108394
0112818
0036868
2481498
1781922
0070909
0120902
0087277
0286499
0362478
0119099
10919380
0138749
1656190
13207736
5057054
5294550
1592525
8385148
1126590
14444726
7401588
0318649
0416315
0975645
4777008
0311289
0072500
0066026
6878306
0099365
1778304
0046911
0069995
1073498
0103359
0383216
0120889
0404203
0349205
2140379
0107144
1502404
0099052
0049223
0366627
0105665
0804497
0118998
0421073
0138524
1408253
1038919
2193215
2387433
5433140
21807222
21235248
0114558
2401878
3949660
8398600
1512235
10665342
4287320
0340163
1860242
0120844
0810913
9347730
0185431
0074812
0092086
0116136
0425123
1549572
10059518
2051879
0085636
0083131
1212428
4954522
6921996
0865556
3513498
7049682
0457510
6027916
0067185
0443489
3416532
0460791
0223897
0248667
9663764
0433400
0118276
1405406
0346156
0082085
5478478
0322802
0498353
6977338
1524137
10545296
0401383
0450188
0070355
0795351
0357277
2884206
1179034
1450321
2224026
1213644
0960731
1323045
1322269
4361050
0026138
0285742
2172934
1289406
0342258
0105698
0413573
0081633
0247745
8721424
1242432
2937898
0089907
0907657
0107822
0114924
0132477
1083452
0848537
0087803
1564585
1232200
0107798
0264235
2503944
1956620
0137363
14452776
0373926
0101393
1315981
3861390
0036613
0049470
0026029
0343737
0109813
0799949
1602620
0206314
1053424
0127536
6566576
2401256
2709692
5090568
0098258
0097937
0032904
1155592
0101761
8350360
1023114
0811080
0098382
0428803
0212671
6265828
0338095
0124315
2125435
1379182
0090863
1212419
0851578
1528071
1433108
14138650
1618442
0166896
0386140
0077928
0120461
1860353
4589218
1027718
4680182
2049403
0114436
1619029
0112817
0096734
0030341
0412019
12412888
0963794
1172049
0963178
4575576
27489557
1396218
1961175
0477302
0402399
10168312
0397306
0107943
3322310
0274812
1568921
4139588
0146838
0289992
0301357
0405508
0083791
1625346
1386932
0082348
0155267
0307479
1540133
0171363
0081455
0071877
0032599
16277242
0377109
0316356
0363589
0139414
1826940
4283088
3322364
0251736
3063516
0086006
1714915
0120885
0053472
1241317
0094332
0457400
13406094
7549996
0469641
0087078
8368406
0101700
6513120
8009428
0116778
0120179
0105151
0106965
7456310
1240982
1161864
4003440
1082868
1078940
9411972
0120787
0020629
0067800
2531344
1509767
1740707
0092675
0088161
0178868
0290978
3215824
0422720
0114694
0165798
13623136
0053221
0063462
1571222
0365830
5215952
13146488
0056687
0104652
0203019
0099371
8772296
1751634
1655420
4016454
6053438
1486185
11315808
0395699
0116409
0285531
7493974
0083972
5177120
1095217
1657507
5691552
11057302
0367089
13375076
0186566
20215968
8806524
8580274
2013293
0219699
2301451
0387898
0074156
0472181
0168629
8110652
2370248
0120832
0131325
1517260
0240890
0480242
0270288
0203119
2377322
10342730
0117333
0046268
0080745
5657846
0480025
0087298
0250797
16426418
8663516
0107808
1131729
0799934
0163988
1563738
0385002
0327437
0119978
4560436
7550000
1293847
0113101
14846026
0089469
0106364
1216487
0082158
3544112
0090859
6475714
0118607
0132347
0817230
1321511
7638348
5033998
0111686
0443701
0029843
0426592
0116683
2428170
2575988
3420504
1839578
1219342
3743822
0119468
0077405
9224104
0119190
0103241
0118771
0095963
0029947
0023969
0076618
0808417
2431438
0450345
8629748
0280609
1418377
0110074
0088286
3622592
0015648
1034314
0102803
0091790
1608290
7043012
4508902
0287717
0141926
5073642
0445922
11145118
0110932
0089755
2105044
0120632
0211443
6027914
5884796
0398712
3099498
4230076
0119167
0290095
0213338
2002718
10970552
0479997
0183523
2568862
13841850
0452046
0101921
0119051
0091167
0458290
1034331
0465551
1491044
1924396
1029360
0084503
0093565
0058946
2347569
0119173
1045772
0113481
0104940
0364045
6246322
0068699
0236493
0015324
0989757
0088933
0256415
1758810
0279600
0100263
6133466
6111574
1413492
13649112
0248654
4877122
0267804
1972571
0805570
2679042
0031971
0233469
0086197
0790628
5657856
0301470
3647498
1486192
0071222
0086837
26047818
7599146
0099422
0204946
0000417
0286112
0130018
0095271
0423294
0271367
0120738
0256009
6911608
1385867
2357129
8108198
0046359
5247022
1474684
0146336
0873886
3892172
1235166
2357291
11691774
0117802
9214772
0098536
0340377
6850820
1839492
0101862
0193676
0758766
14500888
0483607
1086064
1582507
1605717
0105812
3554046
0995039
1740299
0427392
0313737
4495098
0093191
0079367
10304142
2823054
0112401
0130623
0092400
0213847
1196946
0078935
0104036
0112461
5113044
4547056
1679335
2132285
0864835
4971344
0261983
0283111
0787475
0110005
0019254
0068327
0144120
0498399
5348176
0451094
0095742
0882977
0113957
9731534
3960412
0091949
0089670
0087985
1020558
0088172
1067583
0889573
2990140
0047437
7125860
0309987
0095497
1614989
0374546
0099253
0316396
0844479
0971209
0060345
2788316
0053779
0103939
13314558
1230414
3272066
0404390
0468489
0312528
0420294
2436386
1273235
0042546
0050613
21942866
0302640
0103786
0338459
0904208
1569923
0120177
0097778
6802400
1185834
0089767
1311067
1055292
2932536
0069113
2106361
0059646
0106004
0154420
0450314
8637428
0116040
0348333
0083767
7153766
1245112
4332232
3530002
3168230
0094074
0139809
0109424
0101587
0376136
0467200
11233960
4853102
0066434
0163187
0115736
0070510
0037008
0094889
12536294
0208003
11464826
1195478
1341167
0185125
0046438
0068182
0039628
0914863
0102492
0108525
2910814
0496424
4532826
0119925
0111507
0065462
0072308
1355630
0396752
0384680
0462465
0804461
1278340
0071402
0174856
0111149
0287467
1954470
0056058
0073802
1865718
1082807
0382077
1220198
3522806
1000774
0387877
2545118
4682786
8075192
5726086
11823076
0133952
0329575
1704573
0095294
0080661
6214928
0065207
0374887
0086425
0057413
3118452
0111301
1135985
0087050
0480669
0091209
4633690
0081283
1538403
10857164
2226597
4281724
0494238
6772950
1742334
0061735
0116253
13016388
0047528
0112722
5834262
2262227
1130080
1648179
7347846
5232792
1365050
0115964
2628232
0109446
0460627
6663582
0085750
0057193
1327801
0120877
0348914
8267604
8623904
0060176
7958736
0426883
19770238
6679794
1336608
0237572
5697572
0046303
0115734
8526872
0111438
0091080
1219024
0815245
2119543
0795461
0200550
3526078
0147612
0083922
10514222
5220122
2279373
0094947
0108255
0089791
0328832
1540011
0120828
2452042
14403178
0205000
1666801
0093777
6079516
9198364
0018455
0094761
0093300
0499556
0331632
1711525
0106226
0094964
6738136
12262202
0087553
1726592
0852713
2313197
0365686
0112579
0120749
1235522
1234719
0408839
3014866
13452446
0097123
0086383
0983946
0817177
0368909
1637706
11755740
2188671
0082186
0045793
2382009
6673612
0108598
2402157
0107211
0475293
3850214
0317648
0056197
0054953
0067328
1712261
0068611
0097815
1403981
21064584
0478134
1093357
4465564
0364970
2788732
8368512
1456635
0477071
0821640
0237534
0097647
0096933
0139239
0117887
0093260
1216496
3717252
1638002
0110216
0083530
2109184
14509110
0371257
0386032
0093605
1196141
8688634
0841046
8589698
0038109
2724064
13403046
0120131
9701940
0104815
0084434
7016936
1655389
4913966
0058329
0022913
7282468
4513674
0166813
4540710
1430607
4189022
0427312
0065126
4236770
0082533
0151738
0493430
1436045
0371246
4595882
0074483
5788792
4430212
0317303
1320261
0062229
9777644
0317198
0272020
0370032
7985704
0173840
3332064
5323662
0113540
0047034
1297919
3716530
1191111
0073650
3045616
0112682
0452625
0118548
8420184
0181316
2005374
4244998
0076729
1772240
15567174
0054387
1226837
0441909
8110640
0113071
0145531
1448754
0374102
0096463
1126618
6491178
5924366
0382628
1553656
1667353
0069281
0063929
1186367
0453556
1991245
1172994
0160862
0065938
0104684
8359848
1164999
0387199
0245562
0214341
1695360
0351977
1121096
0185371
4158096
6587046
8093700
15318872
0119715
1620680
0024184
5114356
0460740
0315983
6027908
2717822
0466909
0374463
0120679
0091541
0119349
0073341
0080453
2631186
1268799
2249364
1374989
6902676
0389557
1355631
0264472
2170299
1572315
0046534
0218839
1440292
0374536
0986233
0085382
13622776
0057129
0901476
2025690
0089370
2179116
1001520
2649356
14641788
0097474
4687108
0119675
1371150
0289848
1430626
0091225
1800246
1990314
0097981
0220506
1226774
1489428
0109836
3647998
0091530
0111742
0096764
4622512
2234003
1846589
10370710
1355642
3416828
1527788
0089173
0462590
14114802
1075747
0084855
1149362
9170108
5710974
0310775
0431021
0787474
1280558
0062803
0385887
2076822
2395695
0228333
5491994
1216492
0367110
3530232
1567437
2089049
3661210
0369436
0465624
1098327
0035423
0477051
0095174
1788391
0098724
0162650
3986820
2089051
0327162
2388771
4635282
1869454
7775622
0113198
10365998
0119707
0057565
4136084
0088000
1023111
15009428
0146309
0093693
0328538
0800308
1034389
1870479
8784956
0281686
0090142
5613484
0075784
0103956
3829920
6048596
0091129
0089092
5535276
1399664
0102511
2820466
4283094
0362165
0443536
7520794
4916630
0098621
7909970
4538072
0181536
0124298
0101917
0078767
0120053
0034248
0106246
1628033
0210070
1352824
0120913
0097388
6820256
0044121
2301455
2699128
0252076
1229822
1188996
0981227
6920084
12758060
0098627
0970452
0120157
0086491
13024674
0800069
0312172
0054167
13521006
0119256
0069947
0284837
3973198
1313092
0110989
0970411
0096487
4919268
0304669
13640696
0879870
2166834
1226753
1559547
4139124
1103153
2403021
0318462
2387499
0098282
0097202
0093640
5390504
0449089
0090022
1320244
0159206
0107978
2089050
5691670
0446755
0083190
0356618
1204977
0239395
0113243
1821480
0089155
0165929
0102945
5497778
0490204
1433811
9100054
1971325
0861739
5461944
0051459
3201640
0463034
1687901
4520364
2191671
2039393
0103759
2980648
2884018
2788432
0080516
2387559
0118972
0476964
0094963
0141369
0113824
0112178
0105265
1881002
2149175
7737528
0120791
1716772
1486834
2118624
0457513
0884732
0365376
6217306
0815241
1781769
0427229
0338094
0091149
0070849
0426931
9686708
0862846
13274016
0098067
3006802
0292490
0271027
0406816
29623480
3205802
5420376
0839980
0106701
2345737
0090633
7462410
0059026
5592248
6803046
0095444
3846674
9203694
0387575
0401445
0460091
2879552
1043813
0106673
0066769
0105435
0934814
2837574
0370986
2230358
0250258
0267626
0264935
0427470
10160976
0114681
1702439
0046876
1014763
5918982
1976009
0419887
0414852
1116184
0063385
1703199
0313443
0296042
0102494
0064505
4532368
0800241
0089457
0087597
10696896
0243585
2614684
0144214
0155975
0040506
0871510
13651794
14688458
5710514
5168192
8550800
10403420
14039582
0831887
1075417
0364845
6226232
5672290
0037884
0051744
0087995
1305826
1753383
0115167
1190539
2937696
1179891
0115641
0887261
2752772
1258972
1838556
0052077
0120148
16968450
0107076
6402468
4179452
2358891
15255876
4255304
0185014
1562872
0095179
0378109
10855768
0094812
0300556
10696784
0039689
0043338
1190536
0067065
2452244
0199753
0411061
1655460
1893256
0219965
2361317
0104231
0037558
0111255
1912398
7504726
0388419
1825157
0096163
0414055
1210042
2234222
1178663
0398017
0425413
0446059
0113253
1197628
0401997
0103060
3007512
0048028
2350496
8115900
0109045
0455538
0116669
0861689
5610554
0377818
0107302
0084707
0254686
0020530
7137906
1343097
5113040
1645089
10944760
2083383
0421238
7734218
1683526
1063669
0079714
5093026
0067093
0099528
2125608
4995540
1555149
4044364
0089822
1850457
8110232
10168670
0304415
0115751
4624424
0099763
3472226
2273657
4443658
0463998
0264395
2872750
1270761
2017109
1640459
0770752
3758172
1987680
0460829
0082517
0068833
0079588
1462041
9612516
0102070
0085549
0077681
0190865
0112346
1767354
0109190
0335119
0862467
0073540
11426232
0115157
0080801
6742252
4849438
3553442
0072251
2654620
2121382
0297284
0100477
0058777
0242519
9844522
0112691
1600195
0455967
0385307
0445990
0780622
0100258
1865505
0108002
0318155
5177088
0314979
0115956
2390361
1898069
2082197
0364385
0403702
0151137
0947802
0100944
3174376
1292566
0089853
0110367
0113326
2382396
6654210
5189670
1078588
1172233
1971352
1591479
1175491
0118849
0109635
7557108
0100404
2178784
0065724
2404425
1845307
0492956
0243017
1308729
0084649
4995790
1441326
7740510
1124037
2718492
0285492
0938330
3475734
1583420
3083016
1220617
1232776
2294189
4273800
3203616
3086442
0408345
0082933
1598822
0092513
0035446
0086320
0051036
5710978
0492044
0092076
0097659
0106598
0848557
0189998
3385524
0106145
0083399
0094336
1758429
11743610
0093886
0040725
5962210
0104868
0499097
1661382
0988047
0344510
0804484
1126591
0116830
0787524
0327137
0083564
1830617
1255919
0094137
2870756
5709230
0397313
0078480
3262342
2467046
0095776
0079641
0410975
0165982
0045061
0091059
0356721
1764183
2333804
0070707
2542420
1316536
5649108
1222817
0074751
4093826
0060665
12262116
0081353
0892318
1561755
3387542
2328900
1185616
5246700
0099939
0058182
1291570
5968394
5867314
1727776
0092493
0362225
5536736
1714203
10682266
8781414
0056443
0098384
0491175
4765284
2290780
2106651
3312830
9783600
2669336
6306064
1859650
1231580
0074937
0034398
2461150
0268995
0060153
2375692
0421054
0806203
0082089
0111756
1999995
1748179
6212478
0864761
0107616
3715320
5709242
0046672
2918436
0462200
9701942
0269347
3411444
0811138
0048750
0084522
1441952
0456554
1073105
0309377
12004038
0117589
13669038
0048605
0051418
0120631
5555260
0329774
3866850
1243974
1791682
0108333
13157618
0073707
0117631
0049261
0090180
0109642
1181791
0856288
0238546
2450186
6571548
0762125
0209475
0090056
0092610
0042041
5814534
14164730
1748227
1612774
2101341
0119874
0377062
0097162
6772802
0096787
0107131
5117670
0107254
22048412
4262980
1366344
0377471
0260866
1596345
0102536
7772580
1800302
0060390
7908628
0055018
5580146
0258153
0104389
1711425
0103893
0070334
0200276
0368933
2452386
13159924
0088794
0903657
7826376
2103254
3322420
0051808
14109724
4068576
0091217
1840417
0243736
0424774
0462335
8368408
0244365
0061747
0058536
0118956
0062711
0114781
1587707
0977855
0489049
0087781
0067588
2058673
0112715
0042593
3169706
0088814
9319668
0203259
6543652
7203552
0107554
4799050
8544498
2103217
0466342
1298644
0068098
0041546
11655202
3205376
0165581
0131857
0243655
0240515
0297884
14549466
1226681
2888046
9115530
0356680
8503298
0305711
0125659
2091935
0230838
1772264
12477480
8740790
0047673
2473682
0048021
0073582
0152930
1674771
0106387
0880578
0762073
0107034
0093560
0037017
0056937
0109068
0118480
0255798
1464580
2402101
13223398
12749596
5516328
2576852
4477536
0220880
4761916
0089374
0080360
0413895
6791096
0090967
0091867
0086984
0053502
1424432
0107050
11024272
2223990
0356470
2403776
0369735
2231253
0110997
4827558
1327194
0082509
0175058
0369702
0095253
0085809
3860916
12888462
0327679
0066817
2891174
1235099
1135084
0099329
1389096
0097027
0088850
9110170
2396589
0303361
0105414
1084950
1480656
0129332
0038991
0068408
1473832
1727770
1531901
5774450
2243537
1374992
5563334
0111512
0067525
6517102
5865326
4154916
0082846
0089489
0286486
0433387
1369706
0076162
0180073
0362269
17076046
0104361
1031280
0112159
0160797
0412080
0375210
0455857
13210838
2172584
5296406
0060107
1069238
0066473
1321860
10327252
0120686
0808146
1588334
9691136
0113972
0073631
2039338
5016504
0452598
0116287
1216491
13405778
8508734
10003008
0077713
0286244
2281587
0211933
4463894
8114980
1270262
27534307
0120399
0086154
0377981
0247425
8912936
0050783
0055824
0115857
9412098
0057197
0067309
0305206
0300051
0191397
0817538
6341832
5500218
10039344
7315484
2547584
0455499
0062467
0063227
2091256
8236336
3881784
0105104
2205697
1117385
1093908
0138304
0266489
0419677
0228750
0368709
0808506
0268397
0065988
6467266
0112950
0406759
1043726
11466222
0108122
0082432
0053946
0077413
6259380
0491738
0055830
0104291
0074811
15255288
7569592
3863552
21692408
0037382
0078723
0023245
8134470
11957006
1321510
5709236
0085244
5580540
1637727
0247082
0063374
0042208
1966604
0094608
0069768
13957560
7339248
2934286
0436058
0333780
8206668
1783732
0338466
3813310
2053425
1754656
2967224
0077394
0107969
0036855
0048356
7374948
5709250
0804522
1321509
0112870
1093370
11851548
0045810
0028950
21867434
0278238
0090887
0091738
1586752
11301886
0284490
0265029
2702724
1658837
0082869
2737050
1530509
0051554
23137904
0092106
0063415
0026778
0040724
0047573
4761112
4257858
0238784
0091777
7905466
6000478
0430304
0146984
0443632
0852863
0110366
0104029
5431890
0076363
0091499
0090021
0120770
4815122
1291580
0098273
0080319
0093692
0403358
2479478
0120434
0436339
0245686
0114287
0112896
0770703
1672723
0078908
0104692
0053459
0089893
0318403
0058586
2103188
4669986
1175709
0382992
0117765
0061395
2515034
0347618
0349825
0094142
6524350
2364841
19637052
23137390
5397194
3339966
1262981
0087262
0427969
0212712
0427309
1225822
0104437
9016974
5690360
1166100
6359956
2326554
0228786
0119558
0432291
6472976
0844286
5710976
0323944
0118789
0124198
0838232
2639336
1285009
1594562
3774694
1235124
0439100
0034240
0061452
9214832
0093507
0115571
13991232
9288046
6470478
12327578
1273678
0085811
0120910
0116313
2180339
0242527
2386296
1606392
0091187
0099044
1850397
19500164
0120032
3758542
0101765
0075066
0390022
1666186
0349710
0814022
0891527
6476140
26736843
3450650
2356180
21192142
0102034
0025878
0046816
1308728
2531336
0090060
3280262
0115988
11737520
0108147
0245803
0233142
1470023
3427252
5186714
0105121
0144528
0043278
0096548
0115082
0063950
0110167
5710984
3718778
0810900
0489974
11525644
1139668
0108330
0498381
0808510
1691917
12921446
0067756
0051622
3504048
5058700
0805647
1709143
0080491
0116277
6781982
4714782
1032846
0324133
2388725
1742044
3799232
0116477
0298228
0091828
0038559
0379217
10121392
0077269
3513500
0347304
9335498
9812474
14858658
0072562
5862312
8080204
1620981
0068638
2140553
6802308
4226388
13918776
1286537
1567432
0114787
0040525
0116905
0023427
0034587
0078754
1361336
5775846
2869728
11196036
1741273
0257756
1571249
11161474
0400497
8291806
0104409
9139220
0297181
0486583
4481514
8404256
6535880
10620868
0779982
2283748
0962726
3398268
1261945
5363918
0169858
0051207
1548850
0072443
0240468
0067128
0092699
10795658
0420293
1492966
2375605
0464196
0470705
1300851
0125022
0204313
6398184
2112124
8239946
1186830
0082136
0117894
0275137
1695843
1869716
0071615
5607976
0423977
0804555
0068762
0251114
2368619
0118954
3401882
2726560
0253867
0097108
10451914
0078966
0120004
0091778
0078718
0368794
0091083
2802154
2638144
2261331
0401711
3139086
13603966
0184858
0033045
0099141
8064302
2071645
0493405
0091877
1698641
0112792
0229260
10298840
1179031
0088889
10886166
0443473
0935075
4385888
0983213
8714904
0086637
1967545
0108065
0048473
0045555
0036244
11671006
7681902
9053874
0108238
15326988
0866439
6908274
0409591
0437863
0095925
1531663
5748448
4283028
0962736
1647668
0118421
0440803
0091223
14992922
0109117
5516154
8758202
1232207
1584016
0070544
0425637
0365485
0077869
0758794
0118375
0821642
0107659
0089941
0881320
0103905
0093756
3616916
0127723
0433386
2528814
3064298
1578275
1426329
0397442
0110527
0037913
0039192
0080979
8075496
0780511
0369226
6077448
0115147
1650043
14500884
0482572
11318602
1837709
0235918
0080179
0117331
3007572
0078446
0063518
0107507
1691916
0329717
0475944
0076740
0121220
5057140
1578873
0108174
0061809
0388125
3922818
0421082
0118661
0088484
0804516
0103584
0068935
0158552
0113862
9086228
0857191
0273923
2980210
0191754
0110950
4769836
1135487
0457433
1053810
1674784
11337862
0076009
1683088
21454134
8361028
0108941
13052880
0026752
0445114
0338188
3152592
5580266
10095582
0375568
0106912
0078869
0299930
0111127
0479528
