10919486
3464768
12981674
0094027
0042788
7255502
0443676
0095519
1878841
2140465
8143990
0361217
3276924
1646980
7945440
0345061
9173418
7134908
1620719
0110725
0225071
0054743
0091670
2297757
9788490
2461132
0785006
14402146
0046487
4547194
0099180
0135659
9059350
0374563
2258345
0395843
11080108
5097410
0109759
0037101
2301457
12987894
0480489
0126170
0062136
0430308
0963194
11198348
6877772
0310357
0077578
15799866
11192306
1827512
4532038
0491747
2056771
0337909
0829459
5607096
0084868
0020640
3741634
3405236
4635372
2855648
1883367
15033192
0103112
10128846
2937900
7167630
0271263
4776998
1118511
1533395
0120533
11685912
11128440
0036112
0021079
1232250
1232252
0236348
13820658
0029162
0113690
1849718
9231040
11252440
0329691
0107473
0119592
9907782
6533240
0405676
3369806
2281159
11198342
2704380
2279339
3859076
0237123
0105946
0098966
0118158
0048980
0395479
0200087
9788498
0068768
6317068
27731671
0364961
2235108
4463816
0458413
4163020
0114011
17041964
21188080
0049314
0041996
5804038
0104299
0063285
1684226
10670784
5727282
10541088
13064902
8338762
12618926
0273517
14268898
2389182
2580382
0081974
19623240
5639976
0047677
1829012
8100946
3864056
5437928
1683087
0281373
2203308
0198021
1055366
4229236
1500491
3253930
0057831
0106332
0086373
0042895
0485301
2301465
1615556
0095560
3609352
1714210
2244901
1405365
0213890
0118665
0058888
1435513
0112688
0155776
2238032
0102004
8836988
0099385
0116324
3787590
2790196
0278823
2103267
1869347
1602098
0269095
0078721
0080388
1814884
0096945
4227538
0110200
0086969
0039631
0086759
0099334
0100519
0030241
0057449
0023694
2301461
1232254
13052868
11198352
8949056
1082886
6277462
9389998
7485048
7430722
3148502
0056264
5648882
0110428
1620935
0418773
0318974
1989475
0120866
12788488
3838992
0080040
8485364
5164772
12187284
8633464
0106064
0337697
4964788
0266425
0044916
0105958
0389564
0066993
1683084
5001718
0041154
0116130
0473753
0831884
0326905
3702652
4326894
2402105
1833844
11274492
10582302
0104839
0283026
13840822
1542768
12718300
3857028
0066580
4832640
14781036
0462519
0106333
0095863
0115438
0094631
14269590
0374569
0120654
0102915
1977895
0107286
0118460
2262315
1653665
8004664
10515988
6439020
2393845
8130968
0140379
0067656
0810784
9788510
1592873
0424880
1748207
0108171
4209256
0187636
0209077
0045758
0118254
1621039
0060934
0033152
0037988
2301459
0041716
0295721
5278506
0842929
0319969
3612032
2640044
1610527
4196848
5360952
10245072
1131724
19356262
0106307
0373981
0411705
1821641
6017942
0466460
1288403
1423894
0089153
0259685
0082966
0087015
2218003
0096579
1816518
0082474
0144814
2479800
0099699
1932767
3061046
0110006
0087365
2752758
0043949
0028096
0047577
3866650
0088178
0105585
1194238
1034385
5723272
20225374
0080474
0109287
0105459
0107529
0111333
2790184
4742876
0318411
0106057
0091306
3334704
1167638
0454776
1067774
9788514
7214954
0070040
2513074
0057869
0367093
0094919
0096426
0069341
0192731
0231402
0157016
0099615
15268244
10333426
0077572
8368368
0044391
0024894
0024188
1615187
7979142
0000012
5755238
0469623
8983202
2016894
6967980
0312843
0110213
1051220
1127896
0335563
1945084
2583620
3626476
21307994
0060138
3358020
0100685
0061385
0064603
0063663
9354842
3766394
0070643
1232245
0115378
0116999
14324650
0081933
0445946
0058213
0090830
0086817
6225520
0081698
0037865
0053137
1232246
1731701
1318517
0083466
0059017
2712740
0306841
0350028
1174730
2885364
7212754
1424310
0081617
2011311
4285496
0158714
0081834
2452200
3137630
14642626
0275719
0109951
2094018
1456941
20850406
0387514
1247690
1932718
5639354
0780516
1985443
5960374
9788492
0102388
0335121
1528116
1615557
1615555
6821012
1378167
3963816
0254455
0068713
0482527
0465142
0264150
0058567
0095088
10655524
0063032
0057298
13651632
12312250
4154858
0070460
9351980
1797530
11171932
13106186
15215460
2974918
0111999
0433416
6097798
0101258
0270980
0138946
3011960
1534085
3843168
11514780
2167202
4028464
11703710
10028196
0490084
2388637
2368254
0426578
0494222
11748808
8100948
0078872
14174940
1683095
1615186
4943998
0057611
1112782
0087910
0070294
13109952
0375355
0096708
1326972
0280030
1047540
0892767
2368553
0126158
0059740
0048380
0070992
9212984
0460637
0499375
0315297
0283139
3606888
0408524
0470055
0090098
0099160
1801552
0090966
1035736
1661275
0084701
0076095
8100958
2446040
8100950
0059037
0090350
0078504
0074084
1103987
0083806
0118289
0259153
1592154
0308208
1841642
0118531
0117979
0455957
17677860
21626284
0038166
0081777
0038969
0056412
1201133
7830574
0071746
0073692
7488208
2621000
0118845
5562070
2762506
0110684
0115907
5913798
4131496
0109439
0116259
1434435
1270835
6217608
6656238
2235759
5286444
0115639
2126357
1294970
1995390
0060424
0069865
0089730
0075675
0775552
2183034
1964624
5229638
1957945
5011816
0804463
2660806
0117011
0274546
1596342
0434139
1196948
0924129
0094606
0082748
10278918
5779228
0031398
0058548
0059260
5439812
0436078
0058379
0104561
0107985
0116756
0103924
2011159
6722030
3705412
2517658
1877514
2309295
10166622
0995031
10985510
0067355
0118819
0053172
0031385
0019422
0117608
12785720
1046947
1349460
0067445
9252508
0367085
0112625
0057590
0076929
0247196
5611024
13659418
20723374
0031762
0028333
0057251
0023027
0042531
14526270
0079766
13669028
0063951
7390588
0119695
0097481
0488085
0434665
2882328
19885626
6474378
0460745
4643084
0203755
0091431
0095593
1637574
0071075
0118755
0054130
0075612
2790238
2790240
10083340
0805669
0096557
0080009
0323250
8385474
2338454
11563692
0084329
5805752
0102719
0366780
1683096
1683094
1615554
2189221
0200027
0071110
0099697
0277941
0068421
0412922
8134742
0120777
12573454
5421602
0115640
0240684
0059170
11950074
0102216
0197521
2398241
0368530
10233448
4272866
0096639
6372694
1000777
0099558
2393827
1510938
1541160
6811018
15428134
7074886
0165832
0095488
0097366
5807780
3444938
8100952
1433822
0100212
8521876
0338427
0457495
8179388
0445620
0285462
0470765
1828327
7167686
0099740
0052905
4535650
2948638
1837576
15339570
12141112
0110099
7008682
0045877
8342862
1615551
3708886
1016268
0104573
11989890
0449086
0488798
1384590
0092906
0080904
4019560
1441109
0409345
0083336
11311302
1699748
2345567
0106400
11389748
7961060
0052365
0293416
0085936
11912196
7545524
1018765
4007502
9788502
9788500
0077742
0091939
0078243
1615558
3792960
0069895
0086525
3447590
0053363
0025913
0075342
0100530
0047811
0036154
0028772
0031455
11261206
13840902
11171954
0102175
0077687
0079271
0070791
0096219
1185836
9432978
0323013
9580138
1183374
0081184
0098143
0346631
1933667
5723286
2309021
12530246
0103923
0104756
6217926
2250192
0308506
1742336
2725962
8100954
0361089
0381940
1683092
2910274
0069280
2372678
1836037
1896747
0101635
0055895
0107953
0058947
0400525
0097858
0110027
0034862
0066892
0036872
4110568
0116421
1740047
13872248
5566790
1480684
22074164
0119791
1012804
2535470
0090670
5743796
20234774
4396630
7983894
0067541
0436331
2365580
0059885
0080310
9788518
0070077
1683093
0338309
9686194
10268488
4145054
0075648
1649443
0095652
0188453
2062700
0115986
0066344
0110442
0076578
1559549
14044212
0086765
0318997
9184820
0044953
0037415
5719536
14525206
13841820
1659338
11172000
0058815
9212994
0060086
5270948
0119123
1441953
3501112
1230165
0400234
0052918
6285944
1582457
1545660
6708668
8634332
1092633
1632479
0339135
3733774
6378710
2716382
2375574
2077823
11897478
5834760
13320662
0335559
0278500
0951216
0348913
0092603
0042804
0057773
1450746
14153080
7671064
10666364
11290880
5990474
2764784
10948716
10192406
1683090
5218228
2366608
0099611
4614584
0098625
0385690
15320362
0757361
0095379
0319931
0085615
12349832
0032701
1683091
11172054
4666726
9212988
13106190
5598292
0380136
4257926
3726704
1434447
0054357
1486190
0363473
13873302
0077369
0030287
13361448
2509850
0017075
0252299
0047445
0053085
3447364
0315642
0059274
3444312
2093991
8289930
0046345
0103285
1664894
1362058
0366292
0348121
7464188
1604099
0275140
0119313
12361178
28259207
0048445
20112746
0045920
3300980
11172012
3858672
13948762
2345112
0020697
9660502
6905542
2330322
1641638
0087089
0110687
0085271
0469263
1023500
0092618
3797512
0302674
0961722
0298744
4703048
0056736
0259141
0477095
0156934
1086761
0830361
0096542
0338135
0086022
8100956
9788516
0102713
1564349
1683089
0280491
8071662
0050706
5059406
0492389
8323668
0076504
1736633
4009460
1029231
0816436
2094064
0098309
0373450
10767052
0052151
0040823
11950096
0077031
9212998
21051906
11979940
1226236
6108090
7218518
5080556
6484982
0077362
0211465
7466442
0104438
3733778
0116260
8388390
1152850
1305797
13111040
0294357
0404978
0075824
0046521
0057751
0923811
15501640
0081529
8089592
13097932
11997264
9788508
11783338
5452780
0050634
1699114
0054189
0166276
6508228
1966359
0354623
0075520
3473654
12519030
0075147
0088631
0022158
0027652
5275892
0420609
0087507
9212992
2543312
1440345
2092588
0217630
2652092
0378793
0422091
0110076
0100234
2960930
4061080
0485851
0115369
1389127
0109676
0393735
0102592
8150814
22939186
10418662
11027830
1767372
0157583
0280778
0032143
3554580
1125798
0085154
0067372
0094072
2059255
1615919
0064782
3610746
0373732
0108432
0080391
2616280
0145653
11712058
0085474
0768212
2828996
1107365
0089346
2112281
0096118
0120620
0023622
0048342
3321300
0048127
0091578
11847410
2101569
0379225
5165344
1230385
0495034
0089424
0131646
1797469
1183276
0102005
11388406
0077838
0095897
0109890
0265651
5466186
0029811
13444912
1518812
2343793
15109082
8210856
9054192
0118303
0970468
0118147
0096273
1291465
0116000
11609034
9788504
9788506
0071524
0090103
2652118
2980706
0101829
3297776
1186370
0311648
0066626
0056059
7167602
0080421
14817272
0314498
0097889
6823148
0092115
4667094
0303933
0107091
0490181
0076683
0085694
0079073
2095649
2372222
10293938
26548265
24169886
1464174
8910922
0813980
0399327
0142032
11950098
14525192
6932874
13106188
1468846
8550054
0150992
1129423
0074258
2667380
11628854
11394332
0462338
13309170
0448075
0076637
4411596
9742794
1285482
2024519
5536610
1629757
7518786
0433309
3495030
9788512
0105156
0181288
10574236
2386237
2331143
0283632
0065466
0434706
0117826
5164196
1984119
0076221
4832262
0283426
0087727
6193408
2263944
0013427
3111426
10172266
13111078
13841824
0099817
0049169
0045546
0120202
1135092
6864046
3864892
0101969
0114279
0104073
0086661
2103085
0790772
0488414
15301048
11762434
12187032
0103596
0760311
0085127
14145426
0464049
6045840
5225338
5884230
0466893
0360139
0282687
1758595
0092337
0085780
0913968
0087032
0366005
1628064
0361411
11012066
11997262
1800763
8787802
0054248
1064932
0065832
0088414
0097179
11768948
0126388
0075572
0012364
0167456
0134618
1320239
19231492
26940324
0144964
0076984
0053143
9212996
0081696
0804492
3907584
1702042
0095800
11771270
5084170
6878038
10720352
12235718
0124879
0116731
0796375
0118528
4303340
14048850
10189514
1235796
0434124
0092605
0264263
0974554
0249380
5838588
0220099
0118570
3097534
0102951
0090563
0117737
1183252
0892700
0083550
5368542
1925431
0169414
23736044
1825918
0055257
0098749
2900624
0035211
12187072
12187044
0102598
0291341
7581902
0383060
6905696
1179025
0054847
4975856
1663207
0110771
0094793
0104549
4266076
5929776
0048452
2699110
12312450
0097965
10895576
0395495
0054389
0024034
1634121
4562758
6433880
2397461
0270846
1753968
1093824
0049096
0110265
0346578
2258337
0093578
0438315
4324302
18335752
2304953
2531318
1151359
6777338
0133046
0297494
0118401
0033373
0019702
0478942
0089901
1998372
1821681
0449999
2779318
1020773
0048956
1928330
7042862
0118760
5670152
2503154
0086659
0857190
0104237
0016847
2639254
11729298
5977276
10687506
0172396
3175038
1082601
2216240
0077530
5218268
0100232
0106627
0063878
1753496
0808276
2224455
2582576
0486640
2124787
0106469
0096018
1472584
14577874
0078492
0052738
0338763
0283877
1958961
1588895
0088571
0045883
0039677
10834220
0103484
1712064
0107756
0109370
11950082
0061287
0076054
0063671
0063121
0060490
1635327
5982852
4559006
0054407
4341582
0088146
0045943
0443559
0120701
2195548
7738450
0299117
0082951
0106449
1230180
4181172
13029044
0042276
10234362
1000252
0323033
4951982
0283084
0304711
28912885
2556308
2771780
0173886
4972062
0210234
0094824
0157472
0075925
1483797
6556890
0102960
0104990
0105378
6486762
2169080
14376344
0092948
3228904
3440298
3095734
0065761
0930083
0087747
4270516
0093209
13616990
9140342
0035899
3895286
0932936
3844362
0028358
0482088
15215362
1926313
1610452
0086336
1715336
3467412
0422774
0246464
0320037
1104733
0119109
5442456
0099204
0083739
7661390
0119310
13429362
8359816
0210418
3566726
0205271
15767808
1666185
24068064
4625862
2396566
0098645
0102293
1294688
3655448
4589574
0250224
0091276
0118983
2224317
8722888
1117523
0331933
0145628
1053859
1392197
0111797
0077914
0111419
0416212
0101545
3120280
0091445
10638036
11514868
0040662
0050356
0031448
0085933
3915096
0023563
2014338
0067893
12984026
0437005
0361467
0079221
0459159
5563324
1659343
0167427
0119718
0097390
0130236
0235923
13056008
22050754
2452150
1371155
0231775
0108185
0082416
1856080
1042877
0050658
0090930
1598873
0103247
0880502
0115744
1034007
1196204
0108783
0337636
3333832
3333824
0314063
1068641
3322892
0118300
2101473
0113552
4960748
0053793
0031225
0031505
0037549
0113677
0053146
0062168
0071565
10062310
2171867
0914387
10187208
4807408
2905838
0109555
0291376
0109402
0910905
2279864
0120906
4503598
16030542
24807110
7137846
8788458
13609680
5574490
4326444
0899106
0408777
0015064
0076489
28912758
0332136
1234541
0174480
5716464
8343768
3330796
0114323
0841044
1251757
1975159
0105616
12298506
0069897
0120800
2438644
0113305
9601220
0113114
12735488
14261112
0039224
0038988
6040674
14525196
3876380
0278784
1519461
0283832
15215360
0094746
0119784
8697870
1979319
2077833
0100332
0412915
0325537
1819509
7472896
0411272
3551096
0122459
6763252
0489281
0142192
4009278
12877640
4685762
4341500
5540054
8893974
0102782
3791216
0204993
0071007
0038975
21027780
1071804
4630546
2187884
20192968
0983983
7026672
11750282
0419843
0415965
6900448
3171832
0118364
0411951
3333834
0976192
0073092
0249516
2626350
0059043
0960890
0108188
0462244
0068359
0048347
0049291
1236246
3697842
0060921
0058262
15215364
0088708
10208198
5785170
7363076
1395054
1077248
0052572
0222851
1220888
6866266
3895884
5195412
0291502
8119752
0071517
2244495
2935622
1263750
12193804
0095467
1054485
0964587
8633462
0064418
4652838
4625856
10468230
2785032
0090583
2034139
8679236
0079285
0081071
1519931
0118266
0091680
0369672
0482629
1996310
3333846
0388644
0497137
0104695
0156812
0018037
0075596
0089961
0080520
0048696
0043132
0103850
0071910
11644096
0057495
0085210
1438298
6315800
8430054
0492486
0117774
3688406
1349451
0090315
1255913
2390237
0118966
0379623
1107860
0297162
0096098
5751998
0092857
11686490
8829830
14867006
15744298
0244970
6017756
1702425
2406252
1068649
2788716
7616148
0147004
0028691
6336356
1804271
0116552
5912454
0246677
8772218
10431500
5711280
0342735
0318761
0089461
0053677
10763820
11609038
0106453
12823454
1826590
0279111
0058003
6494418
3480796
2616880
16026746
0089421
0031210
1094581
3899796
8108274
15269884
15215462
2137109
4258440
1274295
0240200
0184791
0441774
0312549
3083008
6062774
2309224
6610158
7869070
9026184
4196566
5607714
0085106
5121816
14075350
2258858
8009744
1937113
0239195
0388182
8343772
2617456
2043933
4080956
0285175
6792200
0089695
0074559
7923220
1608180
0376105
0097457
9419834
3409392
0090248
0956038
8169446
0082498
0179552
3508840
0106115
4006302
26658104
0039694
11540726
0033553
13837672
1628068
0054460
4799064
4125428
4669296
0105636
0435679
1084972
15128068
3672840
0374271
0195231
0049456
0089603
0293815
1020885
0906665
23571908
11703050
0120753
15353964
14731254
5789976
0085478
0046754
11609042
12396812
13707622
0101081
0382189
0094890
0016332
2574698
4799066
8343770
7616798
5220026
1628065
10062312
10655692
0491203
16867040
4378376
0117119
0133189
1054486
14402926
3622110
10399608
1095174
0104040
0090888
0064940
4832268
3333838
0098987
0110613
0062480
14661396
1200263
0077089
0082269
0042451
0040202
0047885
5707802
0914797
6305578
14525202
0734683
3344680
27729779
5689068
0437405
2424988
0066831
0144168
0227005
0106052
1194417
0238552
4935418
8299768
14400246
2315596
2582500
0465430
3839880
2063781
0959329
2139555
18968540
14152756
2701582
3721954
21059520
4625866
14814040
6025022
0499554
11609040
0214388
1821593
0085542
0057569
1924394
0100828
0489327
11247158
3819668
0028346
2625030
0111693
0310203
0072973
0089200
10655680
5923962
0094924
21308888
0095655
0040613
0037595
0023458
4736550
7074030
11950134
3884286
0066730
0067148
13106194
1810683
1948150
8144834
1694542
1017456
0858479
4694544
8772224
0189192
1901024
20115766
0120724
0091875
9820556
1785635
4468634
2980472
9357050
1027862
15477488
8129806
0102316
0062407
0098837
0024844
0018737
0082449
0432047
0439289
0079638
11540284
7170950
4630544
0075931
1701990
5012504
0058404
0785007
5897304
4575388
0074749
0059309
0334541
0040979
0093220
7958030
10888594
0066249
0465925
0386180
0120646
0295289
1729637
0112922
0457993
0084719
0803061
0365885
2011971
0086361
0082910
1540125
0118826
0111323
11327514
0049966
0046414
0044207
0052646
0115632
13801578
3895284
0175526
1334585
0111987
0250081
2212008
4537842
0113451
0458367
0085862
2226162
3155320
9794630
0358856
10147644
8179402
14246406
0061770
9263550
0178737
0086859
0051189
0050084
28912858
1582248
13472984
3316800
0108526
3832914
1540128
8772220
3216348
5218288
4479380
12188568
1508675
3250026
0301976
0063035
0113799
2006040
0101627
0071569
0084556
0399102
0412175
0280277
2800240
3333828
0403217
2183014
0364955
0358349
1181917
8058874
6586318
0233422
0088491
5218318
0120860
1876277
0205873
0101821
0070531
0283900
2366450
1660055
11815682
0264734
0033836
0046247
0033922
0033028
0027532
0083413
13665846
0099776
3895288
11950090
0060782
0368479
2262308
6768578
8101850
0091159
0419058
1712192
0055894
11847842
0192071
1046997
1492088
4530884
0093857
6169694
4693358
0845448
2355495
0091278
7431594
1715873
0117057
0073636
0085346
0046889
0009968
0090738
0053479
0860906
1054588
0951335
8343780
2253602
1628066
14536130
0084370
2844798
1087461
11570202
7446798
1073664
1299368
0118556
0105466
0075809
9900782
9784456
1587678
3333830
4462494
0102724
0463872
0791304
0473488
15374070
0087921
0173716
0454987
12748084
18271352
0120772
0066301
0049038
0039536
1628067
11950138
0051406
0087231
4061074
15215458
1294213
0211934
0052182
0060959
1073668
1341710
15782690
6952960
6474040
0112643
15837600
5206260
1935897
7781432
11044858
0067549
0339840
2387409
1275863
3487356
3577624
2178941
5117428
0259393
0249677
8745676
2215477
1344204
0441881
0072979
3416536
0096073
6462958
5989218
0098663
5269594
2347497
3877200
0058092
0112167
0104114
7589524
0056983
0250468
9067020
5774062
0411195
14715170
0475169
0188640
0469903
2172071
0092654
0073076
0089348
3281796
2099556
2891574
0029284
0059127
0029606
13655120
0039286
0039404
0039305
0095348
11422728
0047892
4061068
0062430
0079946
6879446
8879940
3556944
7700730
1928340
0805526
11324406
1151922
0119994
0314786
0277723
0119210
15262246
0068334
7026488
1231586
0047985
0139774
3387266
0866437
1747958
10343028
0015881
14152140
0430770
21232992
4458814
4065594
4126304
0079336
0116095
2331047
2965412
0780608
9794044
10655678
12188572
1453159
0089393
1292703
2545428
0772193
0060019
4832278
3333836
4832266
21113540
0222812
0073198
1563069
1726839
0795434
0337578
2261287
14192504
0066601
0041386
5952332
10199590
2781832
21912342
21261712
0060232
0035169
0032155
0044954
3824148
10166574
0065051
4125420
14459174
1481572
1190689
4971408
2677722
4382552
20239442
3766376
15574312
0163983
0116151
0074006
9271672
4558376
3832096
2758950
6506264
13204490
0056195
3173910
6692354
1244659
0086619
7689964
0071935
4000782
10062314
0119375
0165623
0455782
1942884
0206013
0401233
10655676
11388580
3498622
0892899
0099012
0407621
0082776
3663490
7456312
8295472
0241025
0219822
0110647
13622982
1415889
0045826
0371735
2401097
2103264
1205558
0060438
0098924
0064612
0062755
0824758
0209933
0464913
1972663
1087578
