248808
82031
4080728
79844
13052880
97499
48281
3750872
4288182
3077214
141109
5580266
120693
810788
181984
481141
8134186
1358522
118636
366174
107653
38348
6079772
2084989
1160996
10310140
83946
2076220
816556
82782
1045670
14826022
9426210
419294
120255
162065
3291150
76723
486551
75213
4190530
1176740
3758814
9100018
456144
90190
2935476
4301160
78087
87909
1586265
109348
8356942
1462059
4635276
395251
328589
5116302
4781612
272207
2708480
1072748
92796
2870648
80057
22408160
395972
473444
760329
452681
2059171
8151874
9072352
7547410
120841
1341188
165854
422401
7329656
4834206
5294518
308379
72081
4758646
67959
2140619
2463288
810922
292644
367479
11252248
364343
6107548
3501584
2910904
9340860
3361792
2058107
108308
14856980
97770
110729
35015
8416494
58083
426459
68361
6902332
367652
14253846
3181822
4593060
1023481
97240
139668
117723
73440
119360
5709234
14128670
361127
114852
385267
1937149
1798188
3808342
929425
3502248
974959
1866249
8415836
387764
402910
8421350
72856
6436726
266452
385700
9619798
8291284
457419
113987
33729
1480055
1656186
105477
814335
353049
91630
117038
3390572
3387648
11909878
190641
3286052
93818
1626146
4270492
765476
181739
282209
14544192
4477976
98546
455960
157246
4972
2317225
108071
278731
1639426
11152168
118360
5523010
28010
38574
4048272
3833480
219854
1529572
257516
2268016
123964
112883
179626
416044
2591814
851851
1924245
1410063
423866
104187
15435876
71129
114319
89886
44008
47849
119223
5208252
1641349
926129
1172991
240462
3612126
1199099
92359
218922
275491
8690918
6182908
89560
2017020
429589
3824458
2294677
67411
402901
96071
14852808
1414382
117918
2249007
69945
2377938
6141246
472160
99892
17527468
91635
48960
7664504
252503
2334871
360201
105643
89908
271668
1334512
16300962
318374
383010
120595
813547
5775874
1730768
3721936
1130988
11116912
1185416
11304740
219653
104454
81534
138510
1226271
301199
18773
337876
90685
2850386
66808
2832378
3060782
450405
72288
59968
45888
6269368
6938828
454082
404030
331811
1214962
109303
96794
1823664
1976000
112453
1615918
172684
35279
1665071
60397
5775864
421206
11198810
247199
363226
5932728
1403177
117108
92324
2473510
11140488
3060910
454970
1462769
119951
58700
896798
61107
443465
3666024
1535616
988824
3155298
398375
1713476
1152398
55032
5304992
2771372
2637294
5462326
74851
11337908
1613750
8850222
425430
2632424
901487
1242422
82118
119668
93148
9288822
11827628
8712204
354899
2618986
2140203
3544082
67140
120524
1439572
2756032
2720680
286788
364751
317676
14659486
2265398
266465
332047
437745
112130
184111
288045
3612616
15097216
9813792
101745
85859
38733
43924
162677
1464763
86856
305669
233298
120731
1703148
11041332
68555
1758692
1838544
454824
1596346
265298
114576
6160448
252501
14429
48261
959621
7423538
93936
2567712
101764
4537896
2070791
107387
3230454
1416801
424823
1068242
23849204
473308
1421051
1294226
3060952
242193
248126
1959332
7949218
5895028
101516
92925
7008872
101188
381966
7946422
68767
60315
479537
9866072
102526
2317337
388473
53976
2938956
98141
10275534
211181
65234
388789
1942612
62138
113819
7137380
114194
110598
27503384
332375
4348012
16358384
9446688
795493
465203
10811166
9166696
2398231
94540
73312
69495
3060860
76070
73705
70290
871426
94006
30993
60666
114614
4593118
77294
76141
1895315
329200
313911
5613056
71115
460780
1017451
838247
1255916
4030600
1182937
65377
95250
15153532
63688
29870
1851398
104254
1710308
4334266
6348138
93185
13309742
170691
3395184
444682
3319920
114906
112040
1024943
10612922
278435
489237
22041854
221218
131409
790604
86216
275277
485985
2178470
1402488
298845
5198068
38669
280486
1837703
483726
6324278
363328
115491
7914416
13365348
114720
110308
439
81375
86993
2930604
127357
116654
120684
2084342
124718
3442006
5783956
50105
1232783
113845
3014284
61655
1972779
7605074
8962124
101757
131613
84777
88184
56119
9095424
102250
81070
100050
190374
775440
1430612
469021
81562
875034
88526
3060858
65143
1449283
5651844
101605
99703
86927
9398640
119807
456912
49408
327247
446013
118708
3654796
4273292
8162428
7139936
1458169
5571734
405336
93378
105275
81383
397078
286751
100994
2023453
430912
92593
114857
854678
74174
6195094
775529
257568
2358925
15747172
131369
116361
294870
6905686
168366
976238
66011
221073
105428
89013
11097384
202677
74512
75223
1563742
20247352
9815454
120751
388629
2016940
8740976
477139
800325
101120
8722346
1598642
83943
8201852
6452574
113117
3499096
1313104
3866862
80736
1234654
61619
7569576
1466074
101640
50539
40068
460989
6315640
7440726
380389
116126
94602
12731980
139699
1731697
1422136
77523
2023690
108757
1010271
119215
3866826
116514
107843
1759761
38762
38854
31885
19760
329028
308055
3416744
3231054
87799
1600194
324554
6218358
1560985
485601
377713
206275
65571
1521197
9059760
9174558
239948
1477837
279113
163507
1265990
308152
2326612
309530
1833673
365929
424993
420238
100029
9698442
107665
6968614
808357
490076
45274
83624
9806192
3672742
171433
306685
96244
7711170
10314450
1438254
2027128
104850
82377
100260
10999120
96332
3089630
32484
39302
6333060
1942614
63823
48254
7634968
2304589
11127680
92494
377091
4581576
2098220
421357
2181931
1244754
1401143
7550014
1734493
88206
3848892
1839596
6521876
77711
71411
100419
56732
93493
110978
13453006
9606374
115697
2493486
5886440
1780798
3165612
54443
2040560
69467
1285241
398913
10752004
111143
1411704
1316037
14153790
37059
25452
6020810
84917
51378
10223460
999913
14500890
3097204
372237
10530176
1772288
85701
84988
479968
57163
119314
1496422
1787988
495596
4422836
93223
97737
97368
105488
1851397
67866
65528
71970
84021
1442462
107952
5712554
9544034
8108202
123948
5619332
427954
112857
347246
8369840
12392504
56111
73747
1837642
5654088
1322312
280665
1649444
82307
110877
1615550
1668746
58450
101669
1935156
16220
2100976
1152758
67824
112913
7456722
2071550
1134854
2620590
9419056
2944198
416508
79261
449487
368578
1178665
16428256
1686821
120483
110657
1660648
5618256
13567480
110955
5302918
12590266
1233301
113041
12809988
490086
179116
100514
2537176
1767382
56085
105226
2235695
4978420
87755
37638
5875444
4593138
92718
15339456
421729
57345
1336617
845046
19864802
375173
12908110
208988
9196192
2490326
8291224
1276419
372824
94525
118798
59183
2091473
9664108
2555736
113419
82783
50086
4357394
102768
9121530
1645080
5797184
2378507
171580
109127
3139072
417217
117247
99739
94035
2303687
1667310
3203528
1381404
4077554
5645432
119683
4387040
1694020
1266029
923752
1289403
2473794
1073241
265087
157503
91557
74452
89841
5640450
95882
1798603
4504044
7772588
246894
9018736
3564472
1213648
9698480
758790
10065694
93137
88509
10810424
15354916
1245104
972534
5775840
343314
8242084
105629
82979
6156584
9466114
7510222
2991224
72926
8522006
3256226
6304046
7242142
118604
1763303
790712
106080
47522
414853
2189461
107692
5816682
9660182
1477715
114478
50419
203230
38890
166396
102744
1829962
2088003
1282022
80025
106770
1117563
403508
97138
279493
7424200
3520702
247586
1931435
6882604
1758795
283509
238936
76538
420332
78902
2097298
383222
110057
60522
100998
45897
3247714
1568322
9051908
1261978
56241
114168
85970
72417
5825380
41090
22958
23649
65063
8266310
300140
95243
299172
313043
22286
4159076
74028
357507
910554
259288
14659496
119731
5315212
8482972
12873562
5322012
3658014
1664529
402894
1633356
256524
2647544
11976532
94025
43208
112230
92345
119942
2349144
3901826
1865567
98577
118747
997152
5770786
1437358
109520
108162
114367
4474344
4267026
11198334
9000224
316732
881891
1423995
107007
383126
87003
1032815
106881
18394190
9731598
10228134
112760
33804
187664
2178798
1837863
7911942
70239
103767
106950
242998
77663
98354
4687880
1195935
120008
457572
6198946
3921180
63850
3689498
123865
1535438
493459
410764
374455
119013
108473
12004706
2758880
14257582
9873892
10161330
2301453
4176826
52893
9121534
83798
1910272
120265
111958
2404461
6020876
945571
4169250
1772925
1954347
4122068
325655
1307824
104009
75968
87957
115624
116191
100436
91288
83630
38057
1837862
4593122
27731608
97637
775489
9185206
124819
308383
80855
107497
81912
337692
7608028
7149730
376968
2309961
120696
3487382
89869
29268110
1303828
14537248
83722
60550
64349
35093
262150
114682
9121536
96257
55683
4218696
391304
13751694
1590089
5155780
14914430
3289724
3722070
102587
71577
9166672
1366365
5112578
58430
76590
482599
4701724
130121
78163
2301449
1829964
113820
7838252
11032374
76257
227984
8068860
830558
4935372
208874
11905962
1814621
1031969
412253
18347622
2452254
9166678
3489184
66765
69089
4047038
196216
954947
486358
59825
4604612
274309
3721964
15747176
6095472
410097
800240
1235189
2076298
27125
892255
360009
67927
10329614
4005402
14371878
1360860
12844910
4648786
84967
85894
117110
11456054
5655178
2395469
79833
104466
80923
53488
84695
1442464
80569
74896
65134
1227926
2112510
1829963
1837864
3317234
1103275
10986222
410377
1324059
82334
119237
863046
81114
10481868
9682428
53619
377107
250223
1182350
41094
66763
27996
1879016
94535
94894
58898
91886
2085910
5935704
5929754
4986098
770802
45891
9059704
383385
100318
82250
2339741
95889
4283016
7587890
358135
2097307
96251
2799166
278866
2101383
10155932
295427
51994
98844
7768848
1942613
4593124
8632862
1894476
8652728
260991
95675
316465
1833116
1712170
2793490
88117
8372298
293715
384642
47472
934706
1462900
385726
147746
765120
1494772
1673430
1480295
2494376
1517489
13966962
120802
114608
89118
49513
28212
54067
2189771
11150494
4593126
85404
119141
2072233
1942683
7772582
1413495
49902
105950
1407050
437179
1798632
280249
90163
1664530
491152
100140
80716
2006295
5775854
105128
1247640
814685
12708542
150662
12676326
7280898
1054724
70948
4593134
9683478
115200
128278
4934950
7725596
100054
62994
79540
3148266
1198138
9354944
3976144
199626
26470109
10229558
30321146
9052870
4669788
95690
379557
120901
1603257
1193631
9684220
5541240
70698
9573980
71249
476735
43137
13052856
7445494
3824386
50371
4733624
117039
112123
284978
57091
120458
71994
3428912
120633
10242388
10962368
7798604
104779
94582
2816136
1984153
10888878
1620446
84745
14169960
15257160
16116174
16366836
83437
32145
9601584
2473602
112175
3172532
2494280
2832470
994314
1934231
55852
1083456
1334553
70016
90357
240510
857265
100133
119891
82817
384286
4283074
2176013
9781722
375154
1314228
405469
98213
20256528
1821658
46126
41113
10161334
183659
102558
64040
102015
4593132
115341
458254
419984
11317142
1046163
913354
1139592
9737326
3177316
4131606
765432
407265
2872518
9288692
2784678
8760684
419749
15574270
31725
33717
1054728
58576
9130508
27731623
7504818
113670
454919
2386404
6473300
3767372
3297330
202470
379865
258068
2034031
90094
6511932
51411
1372686
1562871
84237
8851668
242445
437857
1714208
117407
80365
39420
72730
55798
60862
51525
118111
9121546
10161318
57427
4593128
60955
117107
455565
258470
1645155
164212
1205535
5001754
117883
2172985
320808
126916
482546
46478
6932244
1379177
88194
350261
55499
1723816
110443
47136
88272
19854762
1135300
2301463
86687
968264
5734576
1431181
1267295
461936
90837
1684233
489664
66819
331468
241760
3866842
386064
372532
6987770
88559
90390
84865
9253866
113986
419946
110008
2965466
367027
378947
292800
97257
1425244
74695
35140
10161336
67741
110857
866442
1204340
279967
106375
347473
254481
1935896
4595186
132245
1024715
785035
252444
2383068
2994190
361243
6018306
55277
472198
9788484
93075
71455
1512685
2309260
3179568
216651
1174954
112572
50766
16304446
4073790
113228
85255
1971833
2781042
73018
444653
116329
1588398
13833978
3922798
310910
91954
236784
1160368
160184
2004432
83111
1320291
10731768
6161168
1028576
379889
1598828
1340107
4897822
80549
6769208
13610562
13327038
104558
2384811
82288
3581932
89114
1640548
9055008
6495056
120176
1340094
55184
28597
1683086
2069318
1054725
10161310
80437
98105
6116856
472027
810988
101775
6865690
5626028
805663
5144174
120577
95583
4383594
62376
2402207
296310
2213054
265662
2231554
1772250
106452
1595656
2781046
6020684
11057644
11235772
449994
1905040
97722
103594
295254
96101
100240
1305591
3503406
3495026
6020812
2304771
5827916
105941
52948
264508
1114677
1763264
3706352
134619
102943
1398941
3335606
115783
59243
7658402
7737800
10161340
37515
26174
11172022
3845232
65531
9121542
104412
1999890
2790174
457297
6513656
808399
4299972
1920849
3835080
143127
5501104
2131532
4283060
120094
486674
70903
57733
1127715
114887
4572792
3042408
9788496
4324274
3658012
70518
2581244
4126476
1085779
140888
27911000
34167
2178796
2178782
2085238
310281
69097
91983
1716777
54033
6548228
7057496
4145384
113870
4291600
59592
408985
86312
56751
1054727
366777
91860
47834
355702
872230
839995
1212436
3760922
6108178
99165
99726
108101
2452242
1232249
7214762
10161312
56663
7671598
192614
83284
119250
4935334
102603
326856
86617
82934
64072
1735485
158371
73580
63759
16431870
1452628
3866846
116242
58625
101329
106664
388980
1595859
762114
11762114
10161338
58333
3841424
2560078
2074658
1054726
10161316
12981670
7911884
7911866
3908142
1024255
280760
443295
1610996
11079148
51658
102614
1412528
100449
158811
73453
11804152
9680440
96684
5511582
77355
13640670
11657662
1615553
1415283
5316540
3846626
58279
995832
7120662
72226
2654580
3060876
2972426
5946128
402711
5635026
91480
22835
4428122
2070135
2069319
92695
10161342
73812
96316
6020792
6020802
59749
426371
964539
265343
815244
195945
281322
104452
1441135
238112
15327088
7533152
471041
3704538
15571732
1166827
276816
285333
1132290
109592
104427
279331
3352390
6148156
39190
40416
55304
48977
40636
859635
183869
4353250
120609
415978
1724970
375920
8752440
57729
278488
107501
108149
8816194
100395
229440
8110330
6020806
94715
64541
83908
87075
318871
9788486
252028
13315324
5774002
7902072
1179069
10521092
114825
74806
4254242
925266
165710
9788618
14088510
8337264
9076562
82766
11171978
2085239
9121544
9121538
13776714
7640050
3062074
65112
5764096
1872818
267891
1132623
2094262
120824
6857376
13964390
360556
4283054
3866840
6020808
1951181
420087
87892
99850
68931
1474276
3704050
390221
168786
74899
95990
4870838
55471
1194263
2178788
2085240
2178772
5301662
6199572
13778978
75222
193524
2321405
113501
6587640
99994
1831804
57372
1525366
8923854
235737
1848902
62824
14309446
11198336
2657398
117420
3514324
114660
1800741
1615944
105327
6133130
2972428
10161886
39416
2301445
2301471
2178802
11198350
6611916
468565
160009
1285309
10295212
7098658
1720616
450340
896534
110763
57261
8760932
7775902
1733785
139462
166792
347048
116250
119115
802999
15747178
902272
489018
1054729
1068646
112819
158622
81554
119038
249478
4645330
119664
54632
10161320
6020796
41699
1078188
117786
4805316
7549892
1702443
7693316
89017
2625810
5761544
17220216
3866838
3866836
1014775
109579
68612
180052
115683
119485
18578
441796
13352968
80240
110116
120879
2301469
97322
4878482
10062292
120185
2167266
441048
351817
93624
300532
70215
2937366
324127
3608930
5952634
383694
12838766
11198338
840196
6864
110638
896872
5859238
372873
486051
423731
15523010
312109
95687
160399
65088
66740
10698680
54135
2301467
2178814
12981672
7911930
88263
84412
758745
799922
218817
12343534
1620933
1327035
120797
10323676
2675914
86873
1438173
11198340
44837
77474
4434004
1929263
81846
98622
108211
83169
116231
12610390
37469
35575
53925
7475578
2178806
91538
3278330
80377
13623148
375611
102789
105699
89003
17491088
1981558
6205872
109508
15789472
417001
51337
13923084
77588
1232244
77594
154421
22375054
27731663
452624
89606
9827854
1232255
1232256
44829
56142
14143312
493093
10324144
2359810
100740
17505010
59319
264796
101912
80354
1582350
3108894
460792
3060856
244316
57358
435670
93677
978759
110737
1356864
1621045
9686790
8096832
37674
1683085
1094249
159382
7451284
13776690
7134096
7167658
80130
6288124
8864596
82427
15083184
6906292
3520418
1699231
4901306
1278469
3623726
83833
41452
98253
101698
7911894
50468
2403029
5315210
318034
90927
119535
114594
489235
81318
99472
344854
796264
50280
1149361
117128
66327
36027
1615552
2178812
7911914
91455
1156466
409904
303714
77889
318081
2980794
4900716
2375779
429573
134983
362359
798817
1589921
780607
2561546
55256
913425
291350
11198346
2790254
105415
2140507
56262
479113
95188
1441912
1641384
9788494
92240
74102
467110
55601
2752200
108500
79240
8362852
5664636
118843
416496
8521778
40369
42369
12810166
53318
108551
1592281
3735246
439662
110364
3678782
50798
2140037
95403
131704
2268458
105217
91799
101178
14439896
76150
7985576
897361
19421
411302
429591
95082
107711
2300975
760437
87056
380599
9179430
94517
46187
44672
4995776
11006864
6857166
281364
7541106
15677150
82484
465502
418455
313792
331953
1334102
116704
2382298
1311071
84335
11016042
5249462
12680684
4823776
4899370
342172
85033
76451
97674
263757
285351
87175
6257174
7390646
100114
204626
891592
419326
99005
844760
57187
96694
101026
47708
53580
471711
97940
9735318
4181052
13636426
48434
107438
5635086
92263
6298000
180734
8305806
118564
3068194
3865236
14060094
2291540
4669264
5822564
317910
71141
134067
4196450
1302067
2404181
2887954
2318092
5218332
4733640
56291
92666
1172571
119432
133385
7060344
11703244
88024
2081647
95270
48140
72962
1560139
275022
3966404
3149038
473367
8880894
314123
120241
110678
1337057
98320
89360
82242
2784512
408664
9848626
2177461
2398249
53168
63939
424205
11630828
112681
3797868
3289728
57603
3878542
3417422
10826054
11043488
115678
41866
42994
37635
2301447
2301443
1232253
100135
13052876
74256
1186373
802948
2238050
2474976
1478839
9425132
100486
92048
12187040
1598754
1259014
386005
8980602
3845888
457655
322589
141098
437800
2401807
1286039
2872462
758742
78875
9251798
280380
109456
283003
90655
1441951
5091548
2235779
8201170
100485
33891
23042
39661
1232247
1232248
1232251
765446
72281
2113681
103859
11198354
5666304
2870708
164538
432637
71771
290988
1479962
488604
15090124
176269
420251
2039345
7510346
10230994
3538760
4824302
6304162
5719700
5151570
248845
13257
57877
166485
364517
460644
1032751
1680114
1827487
462396
154061
27528139
10280296
93407
31867
42530
23238
23293
31951
10919486
