0108258
78672651
73493579
37327729
0951089
41446733
97881633
3581530
2698514
2581747
43009572
71507063
50568984
58034901
3784364
17165407
48644812
15499563
3787025
129839963
17032965
1098012
1384710
128025911
47173999
45190324
13996743
61433671
2312243
10334835
1914354
31339384
126022743
55930701
6781466
132838621
24855486
31346190
17711034
62429599
166153974
8971088
179995568
3213083
1155496
158845303
0906818
84970003
94876945
28543360
2217880
51114035
2150438
100063436
1696671
128614443
0113461
7889970
37702321
61138279
1101487
110513836
67185743
14022236
17093937
0641845
65498746
23289754
152350156
22784266
25078659
39829877
20529796
0477217
74281493
105332244
107849565
8201471
0191647
0810469
4609527
25417606
68754538
1122928
4828685
5727566
0551868
88790431
20595412
16148792
22053245
4478574
13934245
7886739
23539627
132992869
27709486
1555210
11245398
1039208
91528328
0527577
20322963
68419936
3253029
53776298
8376043
95736383
173193847
0521908
33296986
3307935
0710853
12379609
0562605
33329514
58707844
4383382
10357384
26615841
40738990
102142567
24313749
122645932
2231406
14156326
13695176
131092653
2500277
0688559
1604698
75592940
0681758
157829439
86513849
4283536
46146981
62039353
157906995
13550879
152811017
128383253
25067212
10754599
19492939
158078717
172095819
26611057
0191545
65154417
29618026
17894806
15613158
19398529
11704856
0314426
3545257
41551880
138989964
130282640
1432641
17677351
97701702
16970259
21407699
51293761
118160995
84457535
15114023
3736163
9094339
131028389
82872124
0271979
0851354
43317254
56498788
47645139
141725700
9112291
91607176
8305488
40215692
1669524
17035179
46964045
10088833
1236655
6833743
0018990
1835811
173197190
6181667
61070483
115200173
20008815
93741575
98875578
25858038
25021102
119441344
19430084
30738050
104578424
23198076
14396780
3283538
133180240
34805806
168387929
16400888
5805541
67564015
67096564
57902469
20992378
48552332
1117092
59092557
8487689
73165716
10499179
56526203
20620690
37824286
56689603
148727582
133980854
9983978
2108271
1621664
2239434
23063840
107015306
9627197
132995314
1109591
3973292
129974804
8115920
24384050
32479800
0350082
3409519
7438263
15710675
4859328
7063849
106970920
0213301
61232224
3741247
12355493
1994927
1580608
15631208
118793555
17442197
128373360
22084180
57321214
11104202
1091590
120111601
4252987
4689277
1605059
4374142
73764524
13936865
22113547
2622511
0792523
26132370
60355285
77767393
0828583
2576364
0208953
65386920
21322282
177591388
37758924
0991134
58445304
15086536
3269441
54140857
44671762
44008644
70564833
66172077
2680118
67027707
0274300
36945069
34716011
23749141
1299645
2691100
4890997
114722749
52022033
28389559
26462782
63638496
77860881
34153760
2216443
169552809
40926023
113778778
131570094
26664243
8770460
0324958
9671626
26739018
47712734
66911248
5948437
1640094
0285308
2908041
55068059
129520026
123711348
12357883
0350543
80230139
84457095
19784800
1208423
99482689
8528669
88584776
123817851
30186499
111283547
42720626
13091591
0150053
16814255
57618676
71365548
16419043
22197009
29021729
93177250
5451878
8449636
34647768
22596630
119175276
4732548
14883511
48014682
5796954
28594696
29333673
16063082
43831034
36190132
124412094
53723916
1868539
137773300
25277734
2056378
98956653
106466246
30626208
0332614
132506938
69458377
9433544
39998288
2424353
67275523
4467696
26595656
6872648
0462939
23080065
4584544
7254117
5003003
86587809
17047760
10299672
113716556
86922480
2499784
14245396
173737688
87166706
24633944
0095997
44000595
0494096
13135735
29527570
24315696
4201848
31053204
0369519
0098735
22840785
1863907
0196485
1612732
21699338
23948899
0939259
24560985
11724809
1748063
10999991
127529182
7249617
3680719
130174785
41955249
0220485
117566964
0366035
159927652
99528835
4166326
74314246
115755061
26579233
7472999
134088368
95040021
20404889
29571786
1017773
21274483
42515025
55435842
134530250
1530345
52115100
31565586
5141900
48875474
55828906
63539698
3370630
0574577
0037607
8532993
8437068
56419007
0257554
27993196
2436774
0090813
23010515
4602994
23400967
154633887
2079088
16995645
2568038
103690037
75041444
3806081
88295263
4011429
5456507
56184505
20009030
0193278
23370956
1276109
157786480
21427045
23077789
10294945
20473044
3535450
57571679
53126428
70074554
50289554
22462561
7589169
43330489
22733548
0172308
1508840
1195635
97539202
25838104
23077284
87279188
129237078
82172726
3265065
0327545
0732574
129838545
155340192
17007459
21069324
4442253
1115553
22289913
67430579
22866833
29840345
1061838
1147015
5131325
3212341
30448491
0105142
3576082
1284840
2572940
22674384
128799859
65400144
3388994
1827404
0466948
1006109
0240734
1372674
48986311
166168448
5666252
113178219
103156384
0297939
172513203
25704458
104435976
28221379
7484933
38356873
45938231
18044142
118833627
50599747
1101651
33400020
1034478
168526735
25860758
2632833
0963105
6225977
6354689
6660483
25232730
115146287
5422791
93781716
64423701
11929254
103461845
123890914
79704743
24653910
27434066
14704372
2664483
7024673
35638721
1396166
0682186
26717701
2165392
125165080
131352600
7985153
144012653
1772115
1948641
102868690
3951540
50190038
25521366
183889549
40165346
2251486
52931569
63848504
0156820
23293012
1661212
112392331
1843692
1648241
0961393
6794766
106020087
18986906
29138457
83791399
173378806
116239353
131868497
153301051
89766859
117435713
12169789
1349029
0043679
57246953
20960681
37089610
17821757
25991338
45979491
30152876
0517133
0951654
78385774
83785458
47936268
15406605
2257914
8198509
25198697
112815934
67801172
66252271
0106659
4821437
20298331
0369873
96906733
20887616
69592557
97297858
1910654
101981916
97242161
5583857
36003416
13022181
19257796
108228019
1625671
19917540
124580682
174586646
10237723
13198537
1167812
2930011
71298988
53242067
0832997
19640009
6068071
2072848
16265943
27570009
3494862
1191101
80642579
23285246
1286871
54800066
2704828
13139335
14728049
2344271
65431530
93263031
79319898
24040221
42144566
53618120
13471619
58186509
0389369
1717485
4670147
63097912
0124227
46923704
52104895
107975323
41886850
106536826
17896607
45513965
69130215
6983748
9214463
9813183
0113066
1503932
24552391
2839204
13209772
75202067
164999793
98310947
60219349
2192863
16618283
22634307
128336664
1884759
1254335
45813847
107851359
65946057
2171244
2165419
18020496
36131276
112977315
124950434
39742510
70243870
79074790
81740206
81335381
19126972
13609877
0798180
19959048
124573496
22659043
52090597
109114066
14203926
15795433
135105899
55042343
100236373
106038200
93996015
96974420
10255907
5713949
3778371
42493001
11015950
0206848
2515467
0011630
4392474
49119102
44713505
24664783
0181901
69971086
3605122
2058210
116348615
1135631
104489106
0351574
68356189
41732620
60256965
90545059
9291038
43025752
1061576
0368620
59062801
115410012
66554813
68483956
46338538
135082739
21282861
5111474
2893302
61947377
104191111
51551875
95112035
16332899
23017600
0309297
16602130
8855698
52981088
0517428
80042535
182219912
25022757
0426007
3722175
5214761
43122648
36799094
8622518
13395958
136001802
12739979
132091220
38307523
108535825
11298748
105484415
43722190
103417777
4482415
1533232
102605581
19021498
132918844
13685005
148557741
11705758
24005479
12646814
55205974
2282626
65111146
114216935
11358734
61393492
1862781
4644245
84002433
18037998
1803620
64350886
55025758
1296802
59812127
9105026
6361195
32635151
5109931
19735628
6256927
0126430
0771572
147749957
61888768
121194731
15093103
79317583
58534591
61246191
25069379
3364668
1656483
23265070
0315507
40378941
81441909
4459065
9911678
0604659
1448662
33830633
25687059
0683927
1757242
0834910
1177292
54213328
130601241
22287509
0309489
63523070
4224699
1015605
2799485
29422379
22564429
4974490
3231017
3982034
13275648
27962270
0541118
16204714
8373497
60862773
17992349
64149262
88674522
19509845
36150952
128240851
1123428
32529530
26508046
104021780
120294305
77187213
8531773
154546702
61891359
76062573
0011596
24583482
2224317
126656012
0392303
0179842
1996584
144510839
35076751
30859527
7040092
7193529
3167823
118463838
126747667
40423984
52058905
1324152
40254989
12050617
5490099
9183630
67708610
54264042
13056319
61843335
70673255
3760974
26920385
0739408
126046770
3749939
168621360
152760562
119604795
126237829
1937029
46667136
20346228
28559218
3472837
59433873
60670380
1617182
5320487
2764296
1042144
7100130
1180344
44960399
20936764
20419102
131730902
124387372
1620698
169421878
4403964
0211074
2087533
0936379
22517283
0161560
10709195
67357808
88798239
1720023
0683517
1696969
1197994
86943529
86901716
148498636
0354557
5322060
170446321
18648606
0345906
6995847
55638238
4375992
40307360
9933038
22698105
69379062
108472664
23328028
4660977
39182781
67807042
19993785
63200596
48225759
4889219
126183004
89185099
43492754
91274056
112129339
0095459
