50419299
96791115
2971461
118554215
27676692
1833963
9293771
114346204
6890884
57750472
8271514
2842631
4045723
8354657
60962596
4400153
47121290
19340670
4406263
1585168
5281044
106760925
4313126
120684704
4819133
67672861
40199300
82462880
118321478
0345483
1848736
20192916
4190033
11676289
1289293
0210818
0015442
6901046
96171105
31426433
96427856
2214356
38803924
23897356
0876173
40849640
8120766
50887337
1498245
1194724
3161965
7349462
5143804
20004123
34926917
5323105
43566702
11108138
10709561
97824087
104990736
23804161
0612223
3046377
2045792
48136676
12043718
41978339
89952795
111318088
0768737
68613091
148558808
133995888
64512096
44829428
65442575
53722269
0375628
16747109
14677711
3244297
3361091
1724073
155824525
19328900
1507355
26178405
81186955
3099753
0254947
1579846
130465001
11200257
156536250
125149965
98420860
55664307
1616286
165309895
34143987
6545223
123802177
9103410
6737510
95181698
20437399
1786707
1352461
21380477
4580541
27425859
1076065
63045948
38685442
19447467
41828213
21106940
58011272
142401104
10150805
2268199
25100757
8926366
2886680
83002321
28911754
3209669
18966333
50595996
110018344
156273993
0531111
64441799
67511891
12509100
151011342
4501050
30450505
64359449
88273112
61387862
9027047
65624142
33075279
1313963
29025702
35939548
29484493
39474152
9941391
0851837
23024622
2650604
23965087
0607939
26802077
0574035
10333921
159678221
27952494
143889887
44722272
0655353
110113723
49119787
0359165
26482807
64345955
69129602
29986177
6959427
0163993
22553225
0415113
52795045
112026636
36824237
1287554
0982809
4970405
135972146
6266845
8720384
0205823
0033401
0372604
0473358
130246803
53584418
0279484
1260121
65397809
2811921
13548850
19460220
2922405
121194887
85220553
10126221
158814911
24322175
27109544
0148514
89074448
12383439
43795925
3576332
46356153
10696136
92262760
23314111
2892037
82134259
8347034
59645979
38847437
23287205
166824071
3995814
57664734
15113636
62878403
111440935
49742563
78558798
11688897
0506216
22621288
19211047
29749151
74189268
34812584
2864256
1124778
20085847
94208398
68819655
129528836
2931950
1012457
2030579
63564844
0337722
147470944
50634343
0993059
22544631
11547708
27816408
60255851
65453569
25367980
0941405
25011471
83240407
2687687
0399855
131720729
29225349
0697250
42736456
117417948
26089116
10545209
12432154
0142899
0989464
56975868
166256834
62660431
0156236
22976647
44644615
28941563
101764397
44593177
67029136
10005175
0195124
132719247
1506700
23062166
0580651
35589838
98799137
79731946
61765230
1628195
69859630
0420361
0379909
31760958
1678308
0306813
4006153
20556365
2038303
26480011
1816302
3354168
5432565
48263983
24083067
1448389
62983260
46026410
59095980
0858690
12131234
26850125
51828580
167804464
0011667
4100308
3629407
8862297
33454604
0583830
107743447
0341560
2106400
10931974
85126992
25547001
30575986
33323063
48714473
40465516
5128916
0427977
24124667
11264932
0601452
70306674
58962415
5074080
0693446
24455669
0438748
42928079
13960063
0600725
11376179
103552870
33365685
0299024
33490071
40228398
148663095
16682779
0422292
58223075
6966746
5478941
0678036
49574959
129583035
16145261
26052893
2878375
54575435
5345592
20307209
26309499
136284667
2941778
67551096
103667918
1850993
24755804
21810918
24830360
20253771
135663207
64288518
26872163
0233550
83268214
41723059
53528576
2455508
111252013
8517392
10788116
13028559
126901416
0249188
61707231
62337382
125278254
1747095
53684079
0783465
0566141
6107510
1572641
25590726
2653035
2137626
21392370
32832589
0865096
6764576
154849543
19249373
0892263
13748270
88259719
105056847
23988220
33166653
42368176
3444517
54798498
9866440
109841402
1949140
0784022
102973475
2461147
70986151
25905473
118397183
28933572
5513934
127536500
27317627
74523449
30905114
22910410
144308036
20411783
4440028
102956914
52300174
82728392
7129840
22455874
9336360
4129893
29898876
20371786
166045823
61140671
86022368
19314249
100140751
28857774
136249951
8245925
58515140
26403707
18515584
32762621
0572151
21628734
32744701
67666313
33206315
9622440
3808947
24095977
162692815
115242387
18542810
21370317
47554908
3745713
17334344
82481110
89033265
35464351
99135767
20563103
48571112
77727892
77345494
12616992
35348394
63906918
19884848
12850960
1593391
24293322
15241878
4875659
0178764
5301216
62105098
22747536
49787721
6500157
77470481
78864579
1188399
75834201
41031967
14620210
74149724
13579975
36120077
20601546
30250405
42946061
24353382
16758256
31184183
167463740
65838459
0084838
88358968
13600449
170457412
1893945
23872945
53254414
8279581
124926064
0329013
23510965
1178211
67032114
1325465
62175491
2106202
5635154
0039178
98317954
2916581
4712829
19022740
6028002
11045060
1576352
13004443
40848245
66501971
39512004
42976754
6863085
23423001
0303779
128751590
3566139
0794133
13394240
30173259
33977568
8455773
45043268
1063283
8263284
0534135
42533423
28667768
133869549
1854413
23566679
0896301
50119164
1264261
120474673
46853840
8799994
147394528
28089590
61901126
12231441
68345682
0880288
3157338
30766037
55570971
114828712
98539338
79352181
0731486
55499726
1510978
0211849
0401899
172800387
33479030
8930178
4491279
95950840
44892693
124770043
2449646
127846898
147662369
58225628
15836673
23360160
17669621
5326297
11639833
0882958
2675357
97288945
5995177
70751875
1904778
1325667
155449672
0178337
146858215
0401412
50413310
36817336
17144916
27995127
18632132
77838279
15022162
10425096
18949503
150463765
163858814
14361793
3992537
12034698
5454698
4261025
113009493
10624765
32292714
41281752
12274325
3899673
1200303
0292136
0663950
1908486
68011869
23131919
82573649
142436395
0098224
44343818
30806752
48994207
8679603
0203114
173604054
127150529
24456725
75545804
5839554
13004519
190648479
35830301
127947900
50476453
153231663
76595429
23372032
14899794
56833891
44997549
0108256
124997786
3704731
30000478
25669953
22057360
0621195
5369022
72850343
14469279
2000646
4111911
2362986
74641508
1590227
33411949
1322980
56391628
7795532
49615872
12997299
3306125
4410312
129087366
1840609
0731079
24426073
73509639
39921457
61155010
58313490
20629936
168451664
7959830
1849954
114605415
22321417
0326204
60181178
56820537
27351019
0295535
146545348
1361044
55357510
3222050
2395177
36777513
7181963
18374320
48232692
24421425
127942560
23783472
46485883
3168690
22858158
50590532
5991862
1066686
3005410
26269837
3607634
91970296
69227231
0431132
0074897
72451219
25184694
0142684
5237784
58359825
109927404
87257228
29275011
128918374
46230813
22487095
1007076
13694365
18031723
4066219
2005484
161181969
2287190
21846430
4266840
3070483
1262049
0279175
4307994
123767948
5094570
81480357
8845558
22894143
25920573
60443364
0297474
1042265
1560715
22642844
0140684
10669299
1884484
175361456
0412625
3056430
61909781
5230885
10479977
0222773
0096544
35654147
4246818
25425210
10274684
96992221
24035135
21869852
0040925
20543751
29139564
0514631
4835159
47699013
1510825
16989703
157223003
0805973
24200699
0147584
76894219
0470952
58609488
21124347
127219127
68378858
31522956
107280755
50524798
148553876
10724921
19980045
154171860
96207575
133739039
34984758
183788245
152378911
60374719
0088876
86108379
0636829
0676101
44623684
7979263
23574673
0023812
153850911
13074316
97522991
32699626
19555309
51155644
2263150
0304049
92273460
0263398
1839550
0152922
0458019
95282178
99564698
1996696
65305459
24919242
5407156
44703748
20278575
127882316
55684609
0907791
125047148
1401527
122875487
23264446
0280817
27483112
2789451
0756928
78559078
1679113
1210311
67387676
126885702
15358760
24500129
6904407
154071604
32985650
2785090
1693029
0781678
2140372
24318338
10290111
9233118
63471145
12250657
58884717
22845361
59539749
41108123
85470785
73884374
15394757
6014070
1663070
1897916
139649896
4516032
1972923
0146868
22570275
24233394
176992238
39343384
2875054
3860711
43852491
5062697
6630069
22944383
23678176
3696908
33037410
1798863
3341647
24555102
19918410
2079400
21323790
24987964
1132073
94526455
25918871
6116815
49313789
156429443
124340528
1591464
0174426
14882843
116647620
3989359
4915915
61259820
11909866
3792024
25285071
56637640
67304843
4243965
39639986
63911558
10661983
0369136
13944720
52539408
27588885
28835434
166654254
97161899
0135863
125201937
130912037
119976334
96222659
2951238
0536133
2012241
11967814
135575708
13202226
6571273
3052771
0202664
8897800
142241467
0411387
44312975
38541441
62118896
79792787
12022620
55928424
98713213
28440758
20748260
25737778
88404398
124669912
2375466
41647858
26190451
1255925
181713555
22126381
117397044
8686712
33355612
155916151
2890121
1926375
52339091
159695203
54310604
62335722
0587699
3339393
185478560
99602769
43487229
84731893
8267375
37732628
2953134
19404803
28900987
59288458
4178034
131171727
0115747
4742146
179838275
4676222
156302380
21963359
