45790194
102559896
1237071
42727952
50713471
23567899
2290672
1769481
3612949
36668242
43398077
18162458
3610123
1347092
47239035
17755011
19490865
5737363
42356109
0132615
22717928
3345520
7974667
23383622
81606532
22194959
3665645
62678349
127559397
30954342
0090136
3186186
0156574
130900437
20898329
28657344
19572430
54222334
135185331
6987891
0465946
9599256
85464341
37894710
10591106
92139946
28881272
3360797
7561137
22334445
138599554
40819964
56569844
22634822
42233352
1524764
95270369
3101572
62527335
1223721
58185000
89761528
70518890
1293893
56958016
14724737
20229823
2933978
17820775
40349280
86816662
19558861
0062244
16988164
65488708
27886919
66946311
11322303
53475492
73250837
68282203
16973439
3229497
0591041
23754354
138983856
104040926
12227161
24536545
54644867
0329685
8694476
188170270
2296330
95010362
132759503
26718060
1585316
167433775
24609609
108919349
69822391
21847807
5969781
74931919
132809519
1545666
2127244
8448002
50606650
0185160
89463045
24633485
129426814
3215876
1014583
7161270
71404801
30171044
1545409
51131902
65031898
33547040
52586973
55029940
0058853
2862754
109754681
38249545
5643505
52278687
69233734
25081925
50386631
2625560
171403060
3259955
6773158
130219669
23349015
55031674
69975872
27639869
53356090
107994795
50206708
56962071
112756803
1701747
0381165
0392481
120589704
42757256
2291975
31273444
1424753
61328811
5781253
105958518
0123293
74853491
29988754
20286078
126022450
38344471
28143331
147424706
36013731
56615697
123658378
91524412
0175531
25606331
63776411
4388343
1432425
61109765
23312029
166237132
17151961
7117433
1223965
66637776
29148867
0195151
0591310
14902926
85593812
9845570
2317375
29721207
58670924
1474394
43866585
47972784
1240006
142966081
0703093
57760973
20654387
37189837
147373944
142229882
24426762
27264869
0349272
51153205
0866785
0722568
102612153
23547750
36961369
106304272
37259988
92108758
0292888
3069390
26500307
26569099
3730254
2115573
93967762
0142499
31961162
3532413
0995814
107219577
41987603
114756209
58946094
17642514
43765076
2983896
43479296
130230483
68182690
16889625
26313452
0728908
5872339
89080775
168536490
15711382
61413532
0639693
86839331
6072245
83579029
1135363
130330325
24605379
0367891
59254315
167001089
0322904
65933676
9414155
54488633
167999184
31668533
118619432
0492864
1752281
154045084
13889273
0315911
21393536
27774291
90969911
20396315
4325056
12324146
47032476
1921681
1696748
67968194
19643892
43283763
0073811
28097913
64346033
95134022
19457326
105512729
14212577
13566917
54463813
1790888
20466652
65293197
124070355
155056985
0404677
61044938
1472840
74052429
0478958
19799171
101651995
105447120
20479004
127080103
19702955
0693356
55208032
0783721
113317922
3350323
0442312
63072764
2752288
125818656
82986253
55816206
124733301
20105161
14046731
26273363
147427582
122023953
19665877
21035753
20883153
105337038
30405669
25761377
19972680
54058283
18014410
10995194
19300799
8573227
3593940
177763996
0765768
127223107
1996348
118029599
105266565
49218566
30689368
13681188
54522185
11327975
1481495
0266116
24658014
67464690
57399197
58336740
74606173
142841917
3903300
53021503
4291930
140486858
0719089
16794551
103052412
7119674
0536929
79940279
8067828
24162358
1909793
181289719
19605546
23364654
57148076
0123075
70014949
51949407
3927202
107935496
24770930
22604415
37697467
40653110
46017179
21346681
0286435
24553264
1244543
11760797
59505862
0747687
56742069
4221904
34779915
157722802
0193592
25602706
60078355
60391771
0123061
33905449
131165812
20140345
2377974
130064871
110095803
9037837
12221675
67786688
88155668
152597965
32929147
22171976
17480791
62345086
129697524
0289085
0317450
25837689
57940816
109215966
3139328
157420495
166990186
0446634
87042890
1479083
80408727
1279872
40245857
24272969
1669872
1935210
75021141
7638134
0400861
5904974
12032344
12203758
107572309
42969637
8263719
22558921
2062558
29768718
45868202
14185529
67520620
0337384
0333060
116202267
53068460
35845421
50671479
110468046
127561310
4692830
117434085
0053353
27290108
107935027
130825788
0554790
39158345
0116488
30150461
2316692
49279086
84938204
24331266
55625609
8939366
45800453
13778801
22864642
23538770
12142773
19271758
51883013
75716548
21712557
172765524
24197304
36671201
22836025
1649630
119891050
0510471
6556750
88438093
126843807
1261641
1877211
20087801
8418451
14066973
18776504
47205905
50321252
1337196
2148701
0475015
48544598
50750075
1252927
0484494
6217631
27488835
0824212
19709381
18896591
1287516
2352420
132320216
2087889
148559627
0412324
24844094
11688329
84479231
1958167
4045965
11014202
0167432
179372510
1871608
5347756
47346771
6043209
0368741
91275835
0431565
83657931
160477640
118504751
0446542
0830041
0409167
1429196
0091243
3625561
29920136
78245140
47664281
21039046
71280640
7518779
3932119
82560470
83988479
28321038
71833446
135360019
2977998
0138505
139194499
56796541
62318337
0656947
11475901
117701986
66250458
23915705
0196922
9610082
30463835
28032216
0111684
1186944
34351074
0096281
2208663
134761072
118296124
65381297
35410409
37770634
13097453
47443934
0342428
36030055
153655175
0117913
7158282
0021631
37103808
23105314
65680824
148567715
11275738
1038619
28759255
93445816
49992570
11656614
67681609
25420320
13995491
4525187
114634744
1964515
26333322
22229603
147838610
120591483
33390387
40535840
135273424
54921151
4683137
20350040
114034873
0281280
2637494
1520150
37109405
60881529
2183458
123371552
0231650
65195412
57276852
0750167
64335967
1309701
28831965
27130534
23405937
1732009
52078900
12896801
112076118
20102815
0104785
1186905
19653444
32123243
0512469
89282231
90837983
123767554
15711750
0721640
85074828
152836650
25449116
28601372
0867938
65113981
0265873
56491240
1077375
24724321
24956387
1591989
52184240
90380442
98362032
94355814
32915639
60426891
119792545
68219640
27834348
43323754
23664977
150498879
3038367
0020007
1822440
0774586
14287999
118998544
79495227
24138034
1783848
25455153
3929484
0629845
99818851
9556826
0373993
126656605
25474242
147106332
0521416
132575221
4382695
1780704
40137852
96163455
110142253
21622997
59922380
24000377
74325223
4213942
19846514
1277536
0104740
113167761
8185089
102413112
22919050
80320551
102279246
91779667
0449740
159786051
19981758
0272681
3900151
151539362
11705710
3388528
13363471
73394459
19899590
59515819
0516396
23840027
107386009
4640865
66129157
83565625
0569632
86297521
22206566
57212392
76657805
27058366
104491439
189921090
1064290
9075465
19774467
3157212
24626162
34506747
1792552
56510929
95341451
4450206
25010596
47383020
12407491
23757251
118110019
3311971
5591570
0386792
42688402
36035057
17901972
104281833
0614398
0976938
13967584
2643379
19392339
91212524
13247390
65869390
60051947
5496033
0667382
12218036
4887543
2968553
0355380
0222765
26914070
1315274
130567056
31931816
0898793
101784521
53899539
11657522
77204586
0271827
5063835
1546152
41309103
2039509
61909398
84538624
1899904
1240511
0369188
0207406
62804281
21390785
171701189
0926980
143404123
14862057
32806836
59152876
14179906
24474037
89632552
2167887
0434072
4599218
5650002
39918729
0325304
1823091
0718291
4410774
23580317
1595196
9915435
0627665
153023260
0602331
17724139
71989062
117728865
2530279
2450567
4391694
26853876
89745032
88145632
0182517
1805945
105856169
14693516
66411002
22802871
13570478
23552458
96528098
21415990
129690449
0720857
134870123
16556925
45831901
33026827
75212621
17456475
113362686
0670439
5228496
1148991
42741240
13284099
2369362
22722270
84125127
23304576
21244395
94777419
17770075
60855957
129291933
68633313
114101157
20197886
0177812
105786463
71275352
62756231
4777517
164282606
0664704
15613840
0421126
28357153
169413020
95536303
3707703
57815891
29549038
23465155
126623763
29651173
23572799
19257600
0592412
26639623
160030691
44777114
0293424
4235332
0334491
0567024
5830811
5304489
35834379
2130697
132395489
0299872
0430990
138979836
0671509
51018042
32613468
18509780
62071277
1776912
154085365
27181127
35295772
3864048
9426311
1192901
60934461
87015154
22866939
5070766
142570894
1120259
16982264
22517222
1766230
13289284
90237978
10551296
0252086
1512672
0266398
64620811
22035647
72314447
79747128
10318769
80329445
3964471
85582233
130513690
0468076
32521641
17527772
62837075
15718805
2062935
51992725
1221989
3862340
65089094
0734908
68641400
35556227
105463733
0104733
46199637
93971675
109916771
0521335
1983626
37097135
9450775
101202226
57798867
11121572
26925376
5108700
64091399
21225778
1368831
0310437
31939708
1373743
28795788
120604980
1522061
150840823
121208595
128461840
2048720
49816904
4706072
23953122
23322518
68127026
30677568
44191624
40007627
4020242
45831105
0383429
167426251
5158933
19547653
1415434
57470894
2772621
43400667
0313179
1982450
40859884
1811190
1507996
0319389
2052123
56936628
20468461
0426757
117572868
43861047
2094131
