124769585
11840329
96353761
159353943
58512621
129750799
5364901
5179621
139567100
173268609
0234891
133937389
22493182
93184500
82906591
19752895
0337578
12705795
166299344
128003825
105759753
0220424
70437438
1295791
19637474
1662210
72461060
49025092
84174722
64776315
21232521
19100563
153233076
22881987
21034107
155711816
81091105
59268098
1071743
1270821
23287347
123794541
4896586
82822591
7598069
2793337
24235695
56681643
133100576
46614312
1412753
23558943
73053202
4953473
11120041
52968750
3257203
23346692
2468746
5362323
188562103
26202935
55596018
2848566
22372771
0254150
17951064
24028827
31083235
49933368
112161547
14249268
2618696
0376683
52476612
41215953
0734904
68925761
1509117
6675081
130871561
121006500
2749086
127876278
52392140
20263141
36956378
0971389
11539586
68779480
0787636
102936575
148566096
106755108
0855204
13051701
0925551
107622333
22398091
21621242
7473815
70432975
67030408
108370792
64261284
166239940
38580682
56770630
51543037
1089796
0715279
0822623
21205347
2752176
1436214
1155175
88639569
48372017
15858502
0361794
0710983
19448047
0180449
4388114
130805848
65745671
0472650
49978208
0765665
15089770
156235866
65623565
79977586
19176137
93069444
0139925
0096166
1985280
10204329
107281193
53213377
126854310
3773343
16486616
67423288
47781493
1862401
27820436
55101926
40159585
2745165
13045206
67978102
2888959
67657862
27475299
35184139
35928789
2793219
9233771
23570003
2949714
27567017
21334555
134589098
70888675
15455768
24758478
4752271
126866164
45743368
24371018
11955650
47728875
3616807
14604685
23205622
116940855
1121638
46757591
64130847
152382454
0362461
74161240
4571245
24252895
2395472
2391875
145760660
131024862
2027583
43457707
3731149
22035344
99977071
166530499
0082485
19584043
20929210
11358081
63985866
8655629
46327826
13068130
23013010
10793075
1314466
35872215
25017104
1225575
44659279
182241271
20712547
2585180
5536088
1574981
61722443
0086057
0110721
27521089
107713002
0259834
1302645
52892053
12219549
85187964
21565031
49107493
0720351
98462932
4882260
1057637
19349076
157613706
19704473
139013965
62601615
87656085
38806538
120612815
23619855
5441314
26503147
17966849
46250805
69405478
3346355
54861242
29816082
47250722
4646710
0645039
17466849
2159623
108932348
68305480
1957937
107849703
143064602
0295701
114837789
132405929
28646164
104527547
29194524
56139214
2650467
51715524
0366187
0228298
13743563
46628667
11129999
24329535
1680202
50527535
93207938
32512011
0490897
1865762
122084839
49593453
2183846
169425620
2182064
103280131
22067180
51178719
17805471
53693270
5016779
3942621
0168987
1180791
91020520
2939122
103713941
11282886
52619449
7810150
20881376
25067921
4713872
8622450
119612162
163214626
1000993
54624586
10430250
1778429
1122492
4442085
1890956
0157696
101257089
107656628
17100851
4662221
45451073
41622181
26578131
3403296
18063336
181498140
0857484
131074347
144162202
2803767
27636675
0386545
41599517
12659803
12385596
57187935
0011275
0152704
4465624
33395639
14666684
3220747
2148658
24391749
1582143
5333288
4164599
187761638
2146637
0876454
21764308
107662990
22867024
129762030
48993467
24014808
17727201
6377035
46765608
119543346
23772047
0073258
1625344
0414597
117557085
32156140
4822257
19545896
1347929
7095554
119761888
57070077
21397873
41125719
78876774
21297760
1619372
0088048
5180499
3072538
3066854
6904283
63897969
157149985
74140895
0100072
30857618
22609130
23852676
1924913
22222180
42252152
1852606
0589746
1168730
26698098
0146387
0742730
49839013
15056234
162805963
0711419
24569191
4652767
1504167
42756499
0768564
20197722
52236059
12294414
65228975
44579419
117499932
48548391
84343523
4721655
110486432
88144909
0292132
148555601
0101312
23793449
87458611
7769825
17225024
22411854
18963527
5792694
38364391
0394620
59590205
15379752
0000752
21380655
27706340
25108986
0878133
7184084
11435225
46291923
131887489
0378876
30488180
87478042
0103354
27596570
7944883
4732118
18403876
11996330
52568990
8797018
74953183
138851810
57329302
52184812
39016450
22718910
3743152
95150421
31669217
26836519
39727813
107965694
26511500
101034603
21952487
23389479
129980320
0179390
27196489
54075934
45139579
42914281
48750732
1968502
27548156
2236783
39249924
0172304
23307504
0148536
11590833
0154557
0837213
0812631
0092773
0750266
8163359
55549645
61419913
32068488
0630629
45888135
111520756
41080878
0550763
52060675
118184281
158192085
1156967
5461454
2268153
43799354
25225705
49021274
5018511
38190748
43161768
65278255
130516811
108976622
4971350
21212908
24331281
3694305
35222790
20285013
44273002
0920857
27687068
4270654
19937061
92322623
168298967
0378644
35073411
37853336
45767504
7927072
64354503
29969601
4161069
62927941
59148101
1526297
2022032
14672320
12953925
70579670
127753402
11114220
50077136
5189983
21373660
4313021
2197981
8036192
0579353
29746989
2299508
17502867
50039861
19733705
15923483
13429724
112242441
52580259
47056177
132748248
89954842
51754621
42788376
0750726
4387155
42432397
55850244
123328421
0342753
45645374
1408957
0137315
20811416
20872582
65887769
26380068
2055683
114848546
1669351
161682906
19897864
9561975
2738040
72492538
0340113
112642459
96153329
32722734
91150040
22539672
0606979
114687165
0578546
69552673
4549393
0167166
0162013
1665895
19957588
65800306
87406411
3218365
1206191
11397846
4898337
89025872
99775588
22279468
10921950
128105059
6490215
81114256
162343315
110714270
47258187
98433483
5108599
29907479
11234955
176133681
16629311
3700493
117747169
12319267
0856656
61973162
130685367
0166496
12290724
6004910
57032181
4820616
24974138
79621766
2464166
24216924
0379943
1556693
113000588
35071207
133217197
136670424
17964011
1903504
1271502
1015741
116594449
1215087
126362547
0143205
5575727
48431917
19505456
19823524
113929572
8049302
20362559
67652731
88470055
19576620
0518863
