3195665
118377011
3495287
1551736
21260889
8896404
1462501
0243067
27366134
24068994
15963711
69711133
25064137
37180782
6129648
158347998
4915771
4153141
2610503
61706810
1798847
0650740
0372004
16416265
44682701
0753322
0225564
0012815
0169998
0298098
0383976
16362293
1434831
4142214
5260979
20309759
39913079
162512806
15148330
20336481
4789821
66024693
17299625
22983763
96473315
130958119
13444712
0141194
1095716
12956053
71071541
22484758
32480792
51418146
124573129
14942692
22598186
57869525
102175300
4973182
77825630
1758431
30777436
104673834
164669598
21453779
114005208
23857657
19324327
0312240
4837977
0188777
18996597
3340111
4385603
50026391
10204379
119406158
23215730
56373361
17086611
37702673
24403695
88427823
2877775
6138525
2955288
105340679
169046327
65073442
0179656
1268460
65497206
34818624
64654386
24315174
123931908
0222772
0631362
0291032
164719865
33530494
151656016
0016317
28058773
19048137
3557654
172190863
34344275
133781694
143790411
53998320
12139954
23921813
19154360
1268405
58538192
119173707
107685864
2993311
30750796
1574555
0255170
3119469
4588258
93847117
4884256
8057961
29880112
8735386
89985289
0451467
14515688
1148173
5024734
0532822
0727855
38746939
43733933
0894740
0401616
108770932
16677642
11438412
162315629
25942241
0527131
128754384
153909929
1950849
1611123
70300732
0078339
103136100
28909618
11734381
0074112
110198925
4677748
1035813
15017813
20431164
0457576
29371999
91263399
7521795
20060108
14744299
0557322
2339662
1586451
22279879
4521259
44271956
2357041
0052718
0759656
21402295
5316576
52871493
2217732
0643593
11031990
21121195
61120515
13725598
36916482
6278688
20006036
7346257
37257863
4864771
0582491
2111503
3218864
159326682
35642927
7024406
14531523
26084850
86478638
13016920
1326901
88555005
59961846
54028540
98673774
124767674
13215457
8122890
0206062
166719966
24381706
1859817
10858123
27582881
3053215
8681559
1814173
119378688
3050207
1429136
99125010
47896759
61582205
1280952
11111365
9618440
52487017
0737693
2023933
19999777
22970459
10998356
172651668
5799323
0210077
3476173
79085215
11418162
24314824
2172684
62038226
39870021
0353663
52160318
1947098
33496243
27611205
49466135
14951108
128276912
2017362
104509847
15082132
14425372
42243191
14214271
12394922
104732435
30357015
153555894
42422058
45335336
18471703
2021057
8752424
38387194
65205095
1614053
171516269
23036968
6749327
21354848
1172792
11523087
29274177
1053857
1131861
22738376
5114933
53200587
41418250
26491450
6755943
27235405
0187170
19484559
71302704
40016489
49914711
0908719
23392189
10514409
73144191
1835386
132669092
1830682
40924297
2349321
113739835
114961878
41773105
32267333
26246563
3781832
44621954
2219793
0110330
113962893
0863508
155649137
106799086
189206960
124439963
10252234
88923138
151903977
22487945
15716242
14066357
82438476
0981955
1148823
21323057
0212749
12572194
10634592
8111210
92504886
126149732
116179623
68926414
0997584
1819691
24593235
4461292
0835799
28684686
8305973
66593766
1790692
7829641
11816129
18404978
88286478
0087988
0987207
3741335
96454402
22475982
35352805
25387705
44818934
18325330
0513891
8685858
99885150
32502872
33562312
0880131
1377717
99794120
62376339
9587752
4833625
0697692
29425433
43837538
94277972
159163279
5642854
78237347
82364896
26430901
23822795
13256845
134276494
3876100
108855683
15705222
4335962
51375760
131091653
55478176
116121500
9020825
123739272
10981600
0091194
118183025
0257716
5139876
41775301
30019206
0158872
1017052
36356714
5186757
1829540
27666695
81971791
15417129
164699854
132731306
19403582
33352914
174346116
65463938
49416576
134486398
0428484
65395041
9516916
127546270
135674729
59751521
176529723
9398028
0202095
32268829
97444150
4228709
1115221
0885992
3385396
44808630
133147996
18728082
0377491
151618160
0542870
77852583
100345541
23390228
24270799
8526116
111728541
105314577
1313155
9621351
51179574
54033229
6404782
36592869
61940128
22286587
0175770
68620067
89723903
1880259
0152538
21365509
1122382
75127636
185638226
74339563
148454132
6167610
35151891
1124944
3575466
32704025
4490252
5366893
2614658
52263691
33679531
20381275
2612490
11538536
0409903
4812920
30118175
3940447
40057749
9184690
0390216
100681160
19611175
0133962
1443734
16817151
8276841
24138232
101747961
62567758
31059955
22391133
60574226
0368844
39915156
61043006
2498603
6725099
4297539
0132684
1555505
43307490
45558007
88574233
133832139
13110724
38854588
0025944
23965243
50467139
33053804
1911603
83826170
8704762
4363679
15064828
34290299
76748957
10332839
19461801
50479023
65602507
0885475
29282793
127404337
1908088
21820144
48629664
60508137
23680159
112404731
42948045
0267462
26343570
3768660
48702306
28245346
51394882
10829952
16348983
0639998
2663461
24163845
27134947
0710018
69056498
50320664
14121727
37523309
45957298
27907320
1111497
19763169
4611986
55428977
0491899
4303528
86317784
17779047
1252902
2353830
177351956
87466699
0177831
109588195
4281378
34590859
1694705
54606649
12324929
2761457
9565312
11540646
5267317
38139314
22806553
168839145
103094533
26265563
0446728
54162153
20496632
5340300
5190255
65954230
6617011
0214129
128298734
22313721
0553282
14733699
16422943
92636609
1541472
1402906
0784472
44793072
0758313
76824385
33659536
90525502
4611338
134104240
7259563
0308088
12103943
31697924
63296488
1082456
20962118
7934251
19446360
6034223
26375009
14568624
90312851
0103539
8081798
53310820
17495947
16164386
35327601
11070274
18856437
128110599
36947146
1699115
0296144
0646618
58028994
57034080
22682351
2055187
49808673
93360674
22838749
0140886
21204062
10810328
17561165
71127982
0273817
29377146
0901200
4209792
23617968
1091099
33151744
5101184
2599532
1233308
20226769
17320403
42485798
2382804
3731352
18179277
178325583
0118281
17441243
2330629
3603724
5084674
65934004
16056455
3703720
14666994
2865463
10034489
25299767
30172153
0669139
0504976
0372954
136028978
0995403
0227218
6523214
54926540
114059999
54149596
2452196
58733691
23304030
3776206
21104504
79839272
33207409
62075295
1534525
26585802
19406378
37326670
34745122
2524812
13304978
0236798
1190729
14843814
10387323
43791214
29309116
24379676
1678975
103624323
170864787
129793050
34507006
2024095
1236190
19422206
0551073
28251901
46884651
8790686
17282046
0493213
52562217
0176306
1886801
6924056
1215923
1385668
6944642
0412608
4104653
25433951
60875830
20281690
55324973
127571739
16983158
1265403
0809300
10724749
31960137
105735630
5067698
55415057
98388200
48292345
55038018
6142851
56798807
30699102
118962128
68828911
88185206
4082399
49654058
2598342
56561719
54687413
124733651
8140327
1846994
58148776
28262488
1122427
135584882
0070243
25022875
86964612
14051378
57536146
50151438
10088143
82980682
25834159
62576299
33285538
50757246
26520478
20787993
1563607
27317366
84161531
21405279
19924023
88182480
4682045
1943056
86926253
7304373
85605340
0795007
156348598
43726128
7102706
87822869
168213371
20442732
64898980
62565123
0748856
0073980
0610386
27531035
20923892
15212692
2271705
20406509
32338386
24446539
0286309
21931268
81748797
15714049
63667848
27685334
0334882
0080935
111608116
23280511
54692175
2574023
75106368
66174565
13669103
135288254
125155411
114797291
152551714
118334713
6493173
61435428
0060066
62521687
125401227
3636600
5164622
5864837
22404193
12605736
0170960
43621401
36413608
2486754
56756180
9320378
87365371
48951834
2025021
9792414
149664102
70162298
28952650
0488012
33946433
54716436
1580357
13644748
55584325
20551523
9154210
124017958
111138367
4435146
5883226
60451198
25558588
35102715
0297603
10037528
45644350
135834672
52311308
32445675
10117457
3615725
29693638
33574087
4575983
130149580
18604571
0762411
22798800
19851111
18770944
2745582
4651018
0592708
80857686
68331092
8925937
48075253
36742216
40400671
23173466
6627360
113477304
29614475
80918438
69897695
66083158
0333178
4680800
69260391
33908693
14205133
43646265
69941037
22943197
166020633
0842094
60121864
136096158
2392256
12092716
22634197
67360884
0641436
0164721
68232137
23881568
0365058
33447533
126343328
1280338
1102143
32374261
59797976
64574078
20194047
7470552
13607461
1564070
10579416
6083688
25697265
18590561
1817716
7443992
154902436
190899846
29675972
1794615
41958982
14153587
5830801
1398078
1795735
0239775
1605001
1853301
0628137
93370709
112653959
17777297
1032069
17816817
162852789
3153101
96069237
30415806
77820341
0329754
88087561
54184854
7283713
48892549
58654197
138973865
7516521
178731889
26975106
14449727
47369791
2275269
40071277
130475421
1920351
25898602
0486888
141856538
0927534
144100192
52434556
43754857
22695986
41171680
68938979
10338319
61081102
93388539
12828483
57665034
123310937
118665987
22776721
118603026
51503604
0101178
88363888
160077122
0235680
88885624
2708615
12580787
126041182
58909953
0439312
14477953
