89497389
0466747
121402818
58022405
25738377
53065701
4977630
54290379
141203895
51146205
9652890
22714280
100167194
68441810
23411861
4157754
32524073
15148249
20269228
9698430
78648308
71509332
88886235
162839011
161508490
0854292
4181013
12371889
1812565
51350953
123704039
1257462
0140344
86537043
46649566
187834019
109668899
2746644
22590016
38065883
17272381
1239197
112712412
19517742
129986232
155219441
44218880
4573805
25451233
57751100
6842579
42935985
86379383
34299527
157892521
92604868
5592898
166056709
125830529
116090774
0052666
29878444
15358059
18551717
15961669
69588553
114742224
163437878
4846003
172756695
0327981
1281555
39232582
0211008
121340923
1304553
3599578
1461201
82165799
35154471
7320639
10650255
60650464
42987433
0030332
4346452
5275296
44299008
42901322
121884622
6480157
45193298
30638310
112971424
156549829
50945320
0244785
29032380
18387520
11134154
0414805
30638875
54440110
25581394
116043678
25308435
1286690
1929687
0673104
2622505
53597540
26605369
79562039
19830702
0193014
0112562
6950784
1475719
109119828
143305330
21194883
48860923
19703765
61132533
108073601
53324649
3225571
55050186
24243090
0605876
87242396
36762749
127745156
3192182
0512575
97336166
104244871
179953845
0036778
0311671
31535154
20247846
2447988
0273492
30579790
64461613
90919412
2364460
1707441
2439479
18379325
63490901
1286863
43896643
17826053
3363720
159455612
57503525
3761123
26376058
34820554
2779280
1573139
21559794
87664721
22520871
24904310
2372275
0019618
25092247
60253199
7462426
51794955
14823376
8116190
6393850
126469086
98733897
26753586
109510366
60539992
55296201
64722322
0331498
13830029
113026627
0343804
3332381
153541687
26743248
104628526
1180754
112736014
36031257
60353336
4697788
2350489
3478705
23490685
68540867
35465021
13160320
1937893
2033291
4669520
81632950
8711554
118795135
0027486
113978546
20568568
69528528
81117460
2992231
1663691
38761939
37250019
48071599
48673991
10525382
1936511
62618157
45249724
17344671
65191707
100491283
52349402
2193816
31543424
35824803
57141995
98525870
14975594
0325061
5591289
157830211
1650284
127613192
67868212
4863604
68209542
0947355
35883057
0837383
113701455
0210646
12780469
155341904
24838275
30569192
62683181
87271428
0644983
112012889
37513799
0406728
1474642
29801765
2286689
60603594
13590096
18152177
35065750
25340948
18257371
104022152
3070223
34070266
19538759
84323081
24410713
29233092
11934874
101453143
5286131
4701508
36129748
0257848
24855163
91353735
20217558
36267883
2403537
2145219
108488204
125282736
129176850
89981448
4295301
0156273
178917560
30179116
28669559
3886163
175076323
1281122
154289745
5020744
95668571
1933210
148750436
42034877
12753743
1003471
1980146
0939196
17521605
10169091
56222262
1330950
20128503
16507948
68038122
0171180
7688814
3301784
20025583
66933609
97835981
3077120
1612498
4588813
26742929
131832501
26864514
70523713
96572940
4130401
13943574
3110434
0706104
21802815
2735675
14389167
1891250
97014893
1182531
25470606
127221476
54109766
6664064
4384269
154442648
132714721
21931935
72439807
75309647
31277767
34767049
5160094
33226542
3309114
24775530
134956363
3531989
77192636
0208645
9065391
1763428
21893360
43105756
1814503
42634099
133301665
55951065
3679065
45085428
1299473
4220966
3134264
0770893
129093459
100089561
20644209
0757711
4935530
97751573
2103600
5290401
27463515
1609983
117622444
2854664
3715261
52604215
0979035
0674831
4309284
12101525
30483639
102383509
113668665
0191791
83475770
63619092
1248887
26446907
67474622
1219578
2409552
113933283
124845711
106561966
117604033
23570797
1239152
173067463
8661868
2012339
1553810
1819231
20024753
88531555
5641568
31645749
30256988
9216465
47159518
32761277
50891204
21306107
21327403
0821665
0011104
19557013
13448640
8042382
2466469
157613566
1858107
0205348
14194781
155928246
2771705
74557469
0102818
23805822
2444068
0846340
164916557
47569954
4149815
0144213
30152400
124428733
0758837
48446656
0493442
34101370
83709507
1101114
91351387
68612934
109768241
0820162
64485002
14260804
26395810
2602965
13724966
1824307
88336569
157613199
23646282
10719734
45696343
16015581
1137398
68101686
2604160
23700376
23479457
3047515
111339597
23239573
3042179
54063771
1268463
44926878
25228602
78660581
23609824
1680326
135911472
165343203
81996890
110907451
46546560
120938904
26413274
68659846
11493544
35602797
7021939
5145286
55629612
6152883
1757319
32444962
3984403
4365672
2959863
12283792
129273188
39248665
26443691
0510026
29260163
0435440
0711093
105790426
0278097
0342012
33691074
2669188
24273305
12273676
0045912
76283551
62480230
26232341
2149344
6206546
97490018
2555173
11834241
130898743
24863962
130729205
3589902
26629651
21899963
41190689
128242298
57531895
9499461
1039795
23301845
3100637
97664815
2198088
35181677
43249512
99519886
70462670
106490388
2669687
7569159
94600184
86749877
1227639
9842490
22192278
3629367
38728482
24618847
25081589
25947094
34395748
22270861
8923388
18355796
7905970
186713245
156162544
38789069
58015240
44641041
3184720
11756845
37094048
52618525
148474884
0987391
65765379
3707399
4569308
1947217
123031933
20405219
33348667
65497285
1185996
83972104
1463625
23904347
9153174
56400651
63417551
132158914
1364019
62462212
0409187
0034056
4625249
1198103
12288619
107953850
17766026
58399605
141148681
1500672
0432977
163398923
97277989
2138644
52379932
58530695
5081683
6604048
23052739
29348863
8630708
2016177
3882187
103496704
4554342
3046043
98246875
8646553
22546434
1851043
10064139
31095909
124248740
148566284
46842384
2852800
28176070
23943586
13304212
151133386
14749951
3892110
0458024
111798456
10892696
147862746
155928208
37426892
31509300
50528183
172332562
11625197
62542071
6525901
34883190
1891997
40612064
2698250
106592050
3614017
48940095
63830988
101470716
10337763
2931441
4698777
44001626
12960039
3447690
68599901
65553964
72207748
1372134
1638064
82392488
27762217
0577185
4154871
0247809
5377285
10409423
16638625
35349646
139147584
0404622
27689238
48083265
11526975
8971626
21317911
0517404
39588197
27533101
22780651
4071528
15638799
26100691
6149395
65127132
17652544
148558633
4081205
162575374
1349635
21285133
115156329
108874341
129266188
2929860
45353141
2389718
32536431
25347461
0201736
4683927
10280549
18258995
11535293
29629861
10749578
119758988
2182623
4213380
0294044
4236770
124353567
4389886
2514114
22835388
93466049
58617592
10544426
24055345
186769819
76262953
59940301
68256482
29829240
106380780
100665292
58434975
65106424
50226948
3518128
18634170
34229248
2608664
2513675
17662930
4619619
15793224
17699578
59540497
31368511
25476922
80075746
67903930
23128013
4003327
134903871
1906249
60337539
33595104
1619699
16141055
115571628
28982821
0364025
1254655
20370995
151165752
109070436
0778769
26857861
62625436
18919980
25120845
127500372
80350849
79584100
0677147
23210889
13460234
89878486
92508175
0670927
1296325
5619756
10950306
5157979
1042662
159677725
17395421
1120965
111381040
64515581
159308166
16485373
5391442
125808648
0331714
150917966
58290218
41025355
2378453
28426575
3817163
6668952
0300003
1120678
8688441
2251237
28458168
8588029
17571044
1513328
35793976
3277334
0573481
17119435
75588514
143162133
2550580
22719567
2363335
16813507
24159763
3557833
12584486
38429588
44156781
8345403
17143468
98128803
41353868
1352670
26619834
22154602
55079691
59447784
22535654
35623383
83041186
23276851
37844448
30589031
64986528
2200900
29798050
56523464
53364840
1305318
4186715
117751771
19651085
74081064
1711318
152889389
0226106
32312660
1848728
118752661
2603913
28520117
173573415
9261607
0104803
10004000
100305557
30641389
0366508
6569309
159397052
0261537
177346591
1979824
55584895
46738493
152120736
1430453
108636987
131282476
53121700
19756882
47944701
132362226
14339727
24814216
12009655
12573886
1404914
27137381
72958480
11136883
0344569
22645926
21160403
40620058
84493640
76058942
65504245
34245901
147756781
1835444
3327335
0542360
22389639
27555078
31124918
20059442
3298553
60904338
15206915
30738282
19429548
67311095
103926196
14569298
11387233
126438455
13690972
23108603
61352049
4492782
91090608
132105244
2652626
41850342
3152517
2074560
16612102
2398418
5019015
0084112
6905620
27090334
57611911
0349780
36034462
19671723
137228847
20284031
11458577
3549254
4535619
65939953
5226182
25832638
2846913
120122878
47082176
1357134
0036161
9509133
5322871
3750358
33629337
97616392
134475554
8722423
165797976
51902495
0083192
179715890
106352233
97741559
1280047
102777841
91593619
77855197
20297300
0949399
9675703
65752395
117470536
12243451
48139176
0483163
10505648
8353684
33255019
0450586
156773969
10494638
129256979
1061970
0337681
97708477
87949810
29864759
165314264
65059346
68601622
0010352
145631055
24130577
20999689
1347755
2533366
92315547
1163398
48293782
4545961
23296010
34693558
33626704
3394489
2788077
