114667199
45421202
30426826
147344206
22894376
51176811
89017235
41475152
11075988
38050044
54943057
46061492
128993076
19009057
118526040
10713283
1027915
23749195
58460821
23353387
27295986
67839035
67695401
8165071
57085917
0270419
27976247
0179626
127048343
60533118
104943447
22231816
46662859
152568741
31117538
24560975
1527197
69364382
130304060
1574026
11467685
68035904
4770646
4826985
27557773
19519453
0424868
30878666
37356931
18764146
14992695
67022227
17395962
0647491
40722885
168963240
147669438
30083148
56592504
15896852
1819548
0253943
23132160
17572665
2081951
4641804
162050259
40927494
70763136
0707346
4339179
4107880
59038362
67381964
25573142
65072051
161425505
0198026
1091355
47376335
1346788
68438069
42495837
1950786
1121232
55041044
4337317
83295852
27428652
59078730
0695232
131672365
6137473
1223614
23426612
57596022
29308423
25305531
60692797
48562368
8015151
52079730
119316292
0677778
1855337
69836248
20669006
1261348
1324374
95709760
107575551
1109261
183095239
6918066
9478659
3274567
152311625
61173146
43576891
133244002
148561658
0127406
0332628
67026402
26915020
11511110
61859192
27731621
11653027
0478557
36336044
89615187
14262019
78248902
23767942
45244625
55315329
3116709
81065904
22514034
34306531
119148837
16679702
3769992
86843700
2981792
89136310
8651779
42307860
56358608
8868772
7519840
61930760
28441520
4029105
0344653
80886781
1971454
3221028
0360828
1994408
25131211
70246667
34590967
69929328
14795108
1825656
86884303
1813427
0309833
0710476
110443029
2377413
0778794
8924772
189650364
78948186
59808889
1010941
64320376
64152192
78124884
97991845
32235533
0199677
124240416
56398718
0303508
126059026
37209394
0597217
47457225
178682216
48884056
11848531
9247150
9265496
2737483
9679268
38238638
1843220
23169156
13785708
3307812
7025078
4977713
86831585
100626051
156484892
25846564
0385737
169143364
64530546
86454347
132381721
3743027
17016842
54436736
54786085
11355864
3645508
127463591
64438597
33415078
10533898
13909120
41047897
17147858
66427706
10906272
21608881
59299453
0146306
68206896
2519286
5369318
41828174
1326120
0305467
107557231
0063995
54448273
2543686
16938683
116049803
23066305
77183071
76557626
83083910
29423228
149200261
0292893
0705409
0492711
128223770
31132166
11924818
4214225
49424349
0386241
8964396
16347457
2601475
13279296
4054518
0263206
44919347
114384472
96834871
22032426
0973022
105047609
123180577
1485143
0664099
2954427
4119621
44798856
3791002
0215104
15154389
3812775
0925801
64737427
125016844
7137230
2585453
2619738
16719242
1567762
20579606
41352589
83056525
4823982
10299169
26377221
112380085
158547773
47706189
22263551
9046001
55550858
7872230
0489837
83718862
31351041
0134430
35562112
5322792
127487301
108394114
0618243
2121707
13990596
56713620
118439842
65382269
56776879
58101374
0379447
61406338
20185810
4328883
4614499
117424303
0136145
7261316
57494426
23555988
118759111
0249278
5817363
52762241
48388732
24381023
88539070
63054373
123931110
15040845
3649284
91193406
0715578
0225436
3847290
59520923
3335977
22760459
15333240
92194562
90989213
21867327
148564638
19920073
4020777
11909894
55027666
10204425
141651911
1708082
2658254
0182309
31723527
22337209
0910064
114683922
0252556
104769497
120694944
4405470
111907799
0370216
5776032
0223819
86883590
47593872
2293681
33658484
45167316
3086303
0766577
0737789
120868026
1182193
25182696
0637916
96950842
22706705
70511015
53602399
0089101
20918099
17967141
12593156
114321326
38844200
26931149
148675646
2601054
67716971
0126898
33150103
64941027
108988044
51040068
31147953
22090453
1080158
100438423
17105746
33071800
128473014
60377593
2394654
26716038
4381475
29757376
2609519
21876319
35683824
130508420
30675539
38199711
0878969
0736727
101210073
74260771
128301184
13493769
52500567
21944349
23042917
73091897
64289092
85953203
119155254
7256097
0527784
4455695
83318366
53226305
1219192
106281160
13633512
17171559
61382733
78665283
3013567
5102602
1081166
49925386
3091291
8130585
82460441
80462494
0385200
6981752
9046902
35068791
32113636
2390733
134180910
151384175
11531352
51556032
0500366
190882133
33931031
37584402
92481020
35595984
11346264
131078997
70984120
5648923
24222757
34507977
122610509
14742662
125699297
17616375
46754150
36593051
87374654
42722926
16495929
0984274
51585755
1377344
0832502
0703827
19687609
32562604
52111229
4944008
49273669
149945416
2866765
54672363
26774861
31595162
1682426
0280316
117447295
1082609
63207368
13364397
58036955
71317193
3501395
168373605
2631565
49533347
18751971
33331858
2528239
2076446
24256912
0550735
45750137
69060449
16376332
1916064
1146353
33441392
62488680
19544585
133112675
4602228
1925113
17132095
81492895
12411428
1761989
0351263
2226965
57996721
64897757
150337513
65598730
22931794
24970503
13028385
9064547
5150055
153077807
86342309
12950076
161214410
1786650
120741778
148890427
61525619
79023339
64940262
23060175
85374135
0809780
93624021
24570104
0407887
1595664
35223520
3282415
107261620
17942356
42733865
72443592
5046253
48130395
135805743
24121787
103549517
29128842
65242171
37611895
0067964
25648236
32691197
2562821
15411603
127113507
18125147
130037270
124729568
2125969
35386811
2235502
34027458
112369145
99173425
51934455
14653356
1410503
1426045
39068895
29605411
6845307
60697528
86463308
5145862
0125230
175167120
131831121
90727945
148856838
8370026
1727242
98757532
162264363
87879079
0812757
0532882
0381688
0533975
1680038
60108635
4494984
55643709
3090585
78407084
117262127
5640264
25080081
1491460
130147137
113058436
15504283
60357902
29343739
0564367
69836542
135801494
15223270
52067772
131722932
20988997
23367728
107465310
5883241
118989013
2268638
1102966
28769738
98029530
4525218
83482676
7099221
4313189
24220674
24035524
0390728
0695014
59850383
38211023
20644442
56625582
0173392
121490575
0811542
19152821
6588592
27954582
23904772
131131913
5170133
9956214
60784430
13711062
23906881
63734919
31131031
24922686
91708158
1604275
54012469
28528605
10704220
53615849
25566224
6144540
4409266
119404726
45112063
0153000
1025238
61472740
83675412
123787458
1971593
8622489
58433247
147708962
114304976
1028123
15291700
24742350
1245500
12611649
56106672
67315777
120948282
32832176
110138849
1602286
0386532
110326425
12818190
22858488
63809447
0310411
1722042
1246531
150790935
1281275
73645658
4660790
70403765
2272821
135439475
3711276
0199554
2896792
1190175
0251159
3298494
22364370
26779379
3298268
62144097
10922722
91929387
4878797
2153760
133312862
12505409
1162692
50296294
26438632
68146349
23892832
135123874
60021934
151432913
31661129
72410993
29006690
0636985
85685227
13251869
6494598
53492519
15513198
127428257
14358672
68471182
68566222
68337152
55033221
109956159
11508421
3254811
0029717
9921506
47647054
20222655
18128534
1566425
15851948
22428114
19402683
40231204
155916679
65229378
159308569
0292662
20201976
4732215
2989094
69971316
24629328
1364414
24503137
127979290
1406540
16983017
99448052
26818589
152768238
87244107
0090092
66964206
108904056
30911998
176812620
154549228
24342706
116131864
3747069
32568896
139311426
2723713
47495482
102674547
128382065
5347963
140027412
1870825
10538441
4460638
73167743
1965722
59754734
125422626
3561387
23996068
0787803
47208691
1625856
89508144
131399246
80450431
4380020
7632306
4034636
103090949
1743792
4333496
61226612
1350199
12811123
44338324
1056279
8779836
0959106
67100673
170625542
153177311
34764219
71532460
84359918
0383958
108584833
56007785
0621328
3303258
6993555
10243059
33705270
0103399
3317299
65990726
38569222
51424911
81889425
0302859
2711761
69194446
1232278
1968835
1822138
70724168
2802671
36092563
25345438
4405100
93195178
1448486
78284557
162668951
17825945
4813885
86443258
28598367
25921665
1052514
1701767
13366806
12473966
5531119
6644341
38268594
1715045
23358810
5274316
165454021
2201168
11494734
0117111
13224326
8825142
22316221
27277047
3099514
62489572
7274783
156572788
6603822
69674391
74151403
35843593
26816306
26943751
22814261
38505246
18441970
0179818
26820808
18195611
20335723
2327599
25292448
83142631
16936140
51894909
2434178
31544252
0339738
3297555
20869402
0265232
1968499
134658313
4414988
1926237
53673595
16950832
1409915
33147710
49950115
19031207
7819727
148564601
0748980
1049227
1392269
42097017
2522252
0816495
153143945
1211113
7645474
63237695
2243452
23138447
130469726
26326827
53963183
1759383
70434737
32724171
1159879
153298998
28002368
11850713
187434614
1508421
1533703
64579839
91603279
19566029
12377289
2454361
0375414
0340212
1469185
1584244
50635663
13568155
23646438
0791808
111069254
133067115
6179967
2494271
4245323
0170283
2334400
16279129
140292497
37569728
63437950
65929200
14457858
99837023
103777144
122341104
1613315
84596649
13371508
75706576
1282642
22084699
0149796
26446084
5115132
115087545
36284958
20440600
57999530
6053635
