1090326
16840233
1870499
25441128
174843752
45086489
0443480
24762442
45761407
21160409
1703861
21052245
16835799
124492400
44938411
26593814
22836597
4166669
17307849
19704931
36440344
86374074
4607979
2599504
30114930
26520668
1757004
48306276
0143355
101947591
25861937
0968914
7189120
61303660
13054432
16840042
82431017
0881062
4272242
69803442
41155779
85966075
53111563
27127819
173453046
22542451
5198073
48517453
13297825
56132185
17274190
2437243
56656774
59761418
127755283
0382526
8002022
125701557
13583332
1832900
43908126
0954062
67590979
53860148
55758831
0541468
2491591
117266701
10496177
76941592
102335398
103916701
1913598
46248660
14850919
83702041
106953634
2464768
0101509
0000932
30261091
20977321
118286981
26739606
4191147
35735433
75798823
44279389
47843285
73551012
23437475
32039132
0135826
8206701
1775489
22124678
10102118
1042142
19370414
12080732
2088030
0186222
56151599
49974545
38551817
1127495
9546730
13243212
0282598
10926845
49657754
42722242
3793016
37212373
0016344
0923841
60852844
73323060
106095847
45250932
12964180
79970972
4789206
64471184
69901611
8622530
5628307
3228621
8390568
25531234
0236717
1723318
9882753
83302920
11326902
67236440
1802833
1835776
30559605
0557528
54948997
40421717
3044698
4711680
20694708
1753040
95215265
3179235
10012307
18915420
2444318
35235050
17921883
56705876
14828493
9858259
2540684
0241897
3762611
1359111
100485659
121320908
3197809
10162065
11021142
172389699
30763629
11506272
23716811
77011075
34978334
23085074
4009135
117252970
1906925
62557519
52110389
0337164
128097059
3010648
25893269
148567882
56730004
3557339
22995121
1874981
59127689
33430464
4307716
2109003
0278619
1541951
119378672
30555947
62680270
102272305
1146390
69823465
3620812
2806262
2421169
3557176
7765624
43735269
93993078
62165005
1574966
16279704
124354439
0689563
0149310
3051084
40640151
169656966
11012583
7806826
81948568
0570617
75599813
0418112
2234667
0075333
98654284
22710105
111158485
61132956
27119774
32395822
2294223
114789298
116940906
1330426
19852031
0253407
4442925
18123768
0277625
33684310
3576347
171793817
55062264
0367596
158417728
72209231
20001943
100828080
3185286
65297496
4025689
135501313
0741970
79311289
0777369
11201448
1406257
46304895
0331206
1189212
1219449
0577036
0438066
104983378
50669337
79846687
12873524
0747934
64407357
1956931
53145056
26428504
147669661
3851009
3880927
1699682
24733650
37721910
55487969
148048105
26947467
3322981
1910516
16512666
172973780
8021535
25238827
0281380
21325683
77259951
1643535
2377659
15777810
89039603
58698556
63892007
19436580
20318222
85105159
74245087
11550430
4841180
27451903
26270659
6070616
1132394
4424018
11174984
23225713
57752456
4412150
68596273
130220395
3283278
36375536
29045554
70885184
131899533
92949844
4434920
2767381
104603847
8365451
36786859
54656657
20672561
10095173
0104208
53267408
2045885
0093908
0506531
140302751
29068654
0554653
0288878
163026316
8149317
1677427
57488492
93102460
6971368
93438753
17360745
6041481
15725938
1197958
6258179
39416308
32421165
44377415
1864078
38566619
70922800
31618614
2974110
44838921
1740473
109845344
156856433
12922549
1512794
6640910
20236677
89739074
47705754
4289354
8742824
64353056
1177082
1463885
0828200
186014103
49688318
105815606
36429499
30192269
1061347
85390659
1610348
27958821
26222635
0110961
38725390
25026319
3719642
118562526
3648254
26597851
50007561
0394926
65965881
32012087
6958611
120888963
94521891
6391363
128684618
28050478
23397461
76648361
1032809
23730594
2452532
38258419
30430333
26641140
0797215
21121599
170269957
18037810
42913600
65745767
0793545
0203664
54693303
0327639
64430530
17879558
116692477
19665480
1994253
148553782
36910776
1523231
18007879
132323361
0077053
146497062
4445210
92439410
1265990
5652146
0925295
12912390
15068568
43370588
54822935
0930532
96464397
25265464
2653568
2261139
111214181
5610010
147555676
128989535
20269408
24140370
2835522
166223075
0487233
118449960
12803775
51997900
5979999
126058903
82852344
1431421
91650024
4922915
5008016
47953811
8345459
8663513
19226374
41877691
2212456
38980164
0409828
4724166
59281103
5784712
21104933
150171829
2281171
96316405
36194608
1119607
33157713
26234677
6011149
45486767
74374231
1881285
59973819
12147513
1192145
67044816
2784057
143796475
44589010
9748004
154091952
0438209
20149492
116477037
119241379
25132981
12034988
1878920
23047593
27821432
2213970
10484813
2480402
6531438
4904290
8040146
54497184
5169077
0307193
23686029
1937225
26888785
1926199
34239996
28774598
123480742
152274734
8725641
5537539
47103803
49374933
2909891
95085922
1604200
5926175
151629737
38668357
16139437
88848904
35623598
0460699
24847035
21314404
2085701
185183326
47329987
11089179
9519378
0221271
2018800
2315424
154077529
92157991
42016446
130888166
3485257
145702587
54236551
116477835
24908137
95297969
13365245
172707460
11945074
16349230
48429923
187163336
1586333
0422234
22994522
6123011
29630867
1367707
0650070
57161258
119457415
31154976
2184184
152498946
2103552
55336887
158873068
1303231
7481105
37580771
0385776
103462518
15312979
31211838
152686558
102139610
9389629
6292774
5814859
116108587
30300801
0161416
158502926
1588275
5811879
0387046
72256826
1005287
22409916
39337356
116035968
15040581
14645535
42673700
106023763
1318659
40909081
37379783
88918154
22016725
32724383
78892912
19598378
13257442
135777126
120363439
147689069
17355588
0527718
134971016
0959941
2044722
49522376
3671862
9541768
4413702
22769532
8604138
0993373
19951508
1806556
8136532
81272575
67514022
1672722
1360747
17067508
3268241
36702655
6717589
12297598
35776516
16328671
114199150
65157132
11335477
67539532
142375144
103881215
1996528
16075958
64463761
94252467
135867896
1554642
97183872
20380912
1655554
59377362
1388660
19557964
79532712
61982614
0549174
0148847
159283983
148560759
67358391
0259650
7464792
44394557
17129977
24612545
0394518
130001478
40568287
2419978
71026636
2443137
60998697
65766817
1479234
7588529
17590982
98826265
2392740
34506253
5491081
67073676
54551914
0356582
33739681
23837931
14811122
0511544
47461399
1292235
100160741
135131611
85563688
64938362
4362361
24443345
0597616
16384198
15844385
18460127
0364328
2907592
24320976
2781045
18839144
48542438
14626279
31472036
55832041
14303624
38031810
5971012
114026854
35866751
13030967
118554090
0806299
2186512
136339034
35944897
66082251
58344340
0651783
112421376
14857347
53557553
126884567
51403691
86659702
20520010
35275541
6848692
0660002
9944312
34810985
13264789
24064312
96630369
118311512
47930877
24677251
30090787
9187382
13507042
14559020
114727570
102822628
16867388
68031808
40481352
96607412
5683803
9975201
22539207
63896239
5002996
3003180
55177687
30538412
17349819
25358571
86300375
3153503
22779251
44387298
2626332
16611812
58812916
4122011
69376826
0819382
64812271
4382999
109784709
0193265
70232234
2810983
7704831
0711065
0060523
25669595
176454501
23470696
34324426
32832754
155928755
2461185
44884545
53015118
0324253
3356612
16352182
4852277
1531580
10233961
115575873
36043108
45743945
57285538
50675374
131607462
70611191
22680783
0452017
44673320
83532367
115944343
24099912
34508043
17840064
1961070
22377426
26362257
36642432
188381961
34354112
26893412
5104793
117429886
22312568
89977836
12565044
41633125
124016148
70429450
23534752
22756601
34862202
24680414
23344890
114869755
110469230
36111320
1490770
23557970
80413915
3989270
23965049
34377956
2623095
5994530
66309111
0184990
32949150
0163275
0555448
26246888
64402273
24341212
8985614
0381265
0336769
24540342
142018919
71304609
51814652
93214188
6932087
7458078
1960152
127464573
2010014
0418769
98107289
32979934
39826506
120784512
24351505
89131882
0873680
4765500
3737955
28501205
0640158
0627984
30916375
55625067
99341195
0177752
82388088
8543064
2935887
119286194
1083293
8777413
14773956
69516545
123489255
19449636
66614164
0347245
19816055
39763358
58288791
9497873
4590335
25041366
6198121
1705787
33669331
2733204
40191153
0230781
2158512
10997433
56558841
44522221
3828425
157733223
53665424
155987197
1208396
3476003
25967398
26475796
58411077
14516158
53896596
0155588
24029452
40664040
19487012
5217564
0401349
33405507
116318160
0762356
2388879
157226472
25986181
83975179
155289012
1436038
122417855
68915973
42942552
0128459
149509008
0617170
13492639
1651579
30904724
3467046
60896693
3024065
1738956
9841331
26813219
2625626
56411609
61844086
9561652
35140403
190455396
133389849
20939933
7881159
14397554
33311563
82163155
124862728
11068579
26776370
68537482
16162453
19449354
26289095
4195108
85209100
8850044
3469633
57811558
32862286
51771596
0601781
17175987
43570307
33854992
146341945
26825875
117273605
6025018
79862002
47252112
3407458
75968031
68881398
8894651
169568345
40851900
100220881
0804473
179400900
64958228
1669518
1158617
4343424
