1262946
55291506
100039049
89552076
123093641
58583876
0686123
107685377
1208196
0440837
24496327
148470418
34355586
13519250
17072132
2483392
53169173
13807435
9457888
133054461
43701930
57253746
48456914
8780980
22036995
21351460
48163872
60791084
11677015
1802267
25700817
30903442
10154899
2480260
0390018
5103879
46799929
108896809
27756780
13001913
156138722
96428890
31192958
2441026
0678522
124873778
33853801
157212322
17548129
29856030
1487437
1453777
0440676
6959108
0378429
2475700
1399864
152446547
5383782
45057361
146426038
13148778
12604876
111403405
49491593
4587723
16302437
13790036
1781043
149569627
4974723
88264314
13819019
9852750
1308128
27998917
66510280
0414332
9854657
3837131
107275892
2924972
56688913
2199064
55624051
2615501
2333624
24271236
0421436
2172103
0225159
5236096
5402921
6144282
35469530
0748815
4932419
1164267
158548180
1898116
171603640
17123537
0418902
46263921
58835114
1958509
0112928
23548079
17656660
130662621
22962939
27966212
49994378
87857458
42297367
52367290
0154735
130210054
60907144
1995542
104509499
8745828
3628068
62415024
20001562
13338468
13567763
3002344
0683964
43829416
168929537
27955294
70830124
13048104
32666275
1133668
62835323
73482751
111823439
44725999
9931656
25006636
34304792
115600420
57167016
0552002
26279591
85196389
117878993
1594266
1654124
24756438
56475345
54613595
1122564
67493930
9123071
23226556
15261991
65836273
26627387
5951755
20286286
0225994
0427168
0498415
1274175
32753388
0882646
188215897
13238814
57254863
6333991
0166981
51024185
8377213
27208032
56637910
2286306
74935180
0613525
148552404
23902669
0314670
24871227
12215978
101902639
19690069
113857556
7599353
0936229
151797503
1806417
104532814
181111124
27951577
0136826
34006360
42445741
34454812
9691299
182548513
35388767
134306976
186178936
4067801
174352345
3491021
65205213
85229239
1674437
81827060
24304239
24436597
44736663
90462731
1162080
72929091
22615322
26928949
3219083
65660990
81903545
12428399
23475218
56159719
10310188
94219014
108690325
127007992
131655057
4620781
112377381
96672602
19839679
6224873
35102000
114134720
8815118
6284814
3999382
53742734
52675736
134320980
3305531
5187822
0928442
0079500
53113773
13013774
95614173
33515860
134516468
63924341
12707863
61074261
3279119
146839357
1002162
13656315
1980909
28147712
154437329
50880063
1960346
118256074
94055748
0386757
134296207
0821456
144474578
4892792
50437455
132603348
81205622
96087637
65929999
38803929
39866228
152553742
3632276
45061259
11446430
1767810
4872686
13854565
11191537
4206713
20802169
119595829
22139085
65554681
10214141
30254778
55694669
5423577
1655033
2213939
19526772
60962442
39084375
137148007
0643652
51002523
3610101
0257024
43862857
84897840
18743687
51888731
126583553
33002475
12025134
13674258
13495025
129116567
84189690
24232769
116393905
13491033
26267400
52726218
17422103
13560388
62304515
2282939
0479167
55978372
76625854
0136657
152861388
2814177
81195718
20045972
27895910
1507635
57090295
3883151
39434401
0834400
0196665
3694507
3647612
54958300
49692552
125318532
1237580
22998044
150896483
124490318
25240128
182481882
22748765
18352393
20314359
44898149
51158447
148562276
11517502
43433247
67488204
1222503
25693576
29138828
18476460
1150106
0478998
23737755
15603059
6391929
23264884
115195497
22675740
127346960
4988291
52578840
126869685
0182389
15802681
0787975
24614341
3637408
107455779
2118799
1644710
2969972
16826873
0128712
2197284
174238502
20100433
33695416
4798784
108845274
19553135
5029156
1525817
22277556
78842338
28085921
82018723
2981008
64561858
93423468
124443854
0934022
50184665
75254597
1072022
19508651
41853129
1315408
104625670
65879130
19941351
22698144
33116331
92604790
88730571
53545329
52031956
44606944
13680246
112552660
3207622
28578548
5437888
22047827
7087146
169412724
116483203
0346242
4832875
54932294
138815869
124497914
4113187
10696282
0134149
11299174
53790128
49492430
90974472
89861430
57739284
147299874
8514407
19786083
9985400
56159561
4012767
0360269
2820117
156584209
23596694
1760665
0536522
112954174
2043252
140414422
22892537
36282600
172667697
10332724
0441054
19257379
103376739
38233576
1596303
121651574
1795036
59343473
101300299
0326483
0391453
163241968
0823287
1706941
58060170
8176615
0751975
59226722
0524466
5188028
39171544
0586852
2410177
130119307
22197536
4220569
160468195
2937481
1702688
41842949
94525198
11098814
113483266
0831287
84000634
40751824
3930827
3830757
1289485
23586332
185514630
124196524
0060960
10411973
42602265
18143564
25769322
38137255
0138157
103276223
93511751
21630147
178014052
0645952
48930393
52447874
53013181
23803236
118429134
90586011
1090292
1607159
2414926
1644521
79145828
1982908
106370585
24045976
0389355
38252443
46037156
21237485
56319543
6924392
26030604
60361148
127172953
0221565
114462847
56755946
50635337
95023970
105841286
149999223
8850424
1499477
109089595
19708522
82280944
89727405
2415124
1880301
59679339
26389985
188684312
28036908
4889578
2181294
76106512
0557044
0526034
117106202
135487996
71690972
35221390
2637284
0061536
3729049
71506838
89069589
31023152
26742300
9681606
2502580
9658237
0407062
1072699
1587955
26559891
10362860
19378289
98945856
35911623
0970611
68701032
3609234
37831894
12983605
2393347
114830502
0904667
68726346
83303000
64588103
1613043
118900647
58335325
61848044
38668909
3765562
130732676
79672298
22761445
34333438
4579023
95068485
21101534
53813597
65079747
0008156
15157040
23317698
108415647
1735438
0447884
3366286
1555222
92838604
24551538
37275908
5886946
0463080
22555886
120339654
1148060
83836335
119447001
19735457
28221037
6746460
0589875
10381174
155144543
0866317
173195860
114258975
44144341
30414734
48809423
13690212
119991960
6154336
1109341
10196345
5020740
4671065
0466337
5805715
49824805
6305926
8654692
0599177
151539579
25043396
1844370
113751121
0609083
22774599
2256048
9528680
58812849
153758517
5002842
38066484
13507775
1960242
0185189
136778344
19292711
0137071
2648169
16052116
54148523
24199267
37474184
183105167
31432336
13001881
1397549
162010843
34756529
37763453
1336158
86036471
2284168
4983622
23286777
48411432
57444431
83252614
19671522
13152477
17028062
89370109
11552403
65374826
58493160
69752919
79825992
11850030
1028126
50207159
8750432
53202319
74934744
27985047
22785196
27471726
116164395
139327540
4091700
148566422
14680043
26273186
0773515
120482952
35517889
21072607
55184785
17810603
29887163
1599521
2256118
38329137
19194704
6236872
21049556
2502821
62117753
37386335
2898144
5226418
106270755
45611063
5519250
19669906
45770709
1986682
22113689
83207869
1533064
1609576
68934173
1191550
14473888
125771207
1969664
19733385
2363449
24513762
10607072
1888886
4004333
28523636
0079652
46870069
33344489
23645653
0304257
5206608
57578722
59008001
45112144
50828433
10687542
126683978
25026700
29238510
16161013
43312454
26043955
145079256
110229591
43219103
0113274
38868323
0980260
0916806
1886449
50107221
53879262
81236291
12081719
0807997
86484182
105874222
71299475
3476291
19626447
47021818
81872808
169321552
22678802
19044899
24638058
69202697
0413476
1339149
22956348
47435817
26560508
154835706
31458042
0516018
0560415
19344301
33673113
29649507
169888702
0218437
48100248
25765486
70587126
68995528
66504633
1633854
56403498
10533871
28498151
9025156
80944997
0616538
2440309
0825714
158690172
129962645
67096901
3720711
58884672
36372880
131389330
25624750
118281208
2486129
5932446
148674605
23827244
18449099
46123589
4491153
60329844
18917860
4731592
57077925
24675050
0212097
125278950
1355507
0338470
1116354
1303025
0829652
19629341
4065071
0521104
15581275
14005199
26375155
4618409
123661596
3251484
5361385
79504172
17081554
13455413
52892081
0521651
2157995
67725973
4918618
64020335
16170123
25125543
2043963
26780760
37280403
19633727
1518151
124282200
7533368
36824442
3718653
16181660
18655788
46272823
11487920
0061158
43925144
13278720
50691303
123498450
0515276
17261880
22525233
2095740
20750063
21193878
21121447
0010174
29379465
14992167
0563022
61322289
68751592
1196208
42334061
36929309
1296764
148716407
113343266
88562616
47240801
44473281
0731316
0794339
19640735
109848746
32225717
11377668
29899275
158758107
0970433
74284610
125097017
0234175
37405910
0371877
7902931
23882448
133836205
93891724
6592425
168839757
109568640
8197601
5630233
38304112
3798414
1233117
78567938
89817379
57107416
3473219
146654728
1123068
135081997
3072678
68756931
38279853
11696797
3043873
1075493
12032185
148335815
9927446
15790493
19054847
11183762
67819938
33246271
6861811
136138400
23749646
132988769
98968270
50041975
10129648
18535633
6013073
26257175
49702345
127314258
2456199
15347104
15108899
54270477
165717003
15198424
113493970
96952033
109381328
2892021
21085152
131412535
84257441
0460511
44355734
20110448
0371143
0284789
117247456
101335976
11765472
130483561
1026209
1530715
