0618544
98017655
3040457
12940851
60935982
50330949
21609161
1062981
150115087
3498609
12921474
120746856
24566464
129119998
23767548
1280545
16076568
111009029
85302339
7856029
1147128
111704166
150797014
1425629
81226015
18434917
8143759
0688670
1676007
14069613
3279540
3012803
0217286
124645666
9730918
20170699
9112824
153050190
62277236
1935881
80591039
1077822
63251546
12847792
44242582
65697588
24288627
1244360
46762514
87420348
26685597
3721144
133822431
23419738
0553319
128801793
0230214
128877084
5001019
54337503
57827313
69750355
1745820
0888301
51413245
150137188
2395638
13710179
22709325
35383372
16333447
1250331
57390014
54792854
47918531
0361840
1699596
47153977
4032055
51036771
39333940
167472771
111986086
73496653
1678206
24177230
67968464
0961094
41252321
4922310
148551375
36084842
116412401
4603242
54154989
34977773
101820002
1235757
0385427
4314606
1321853
3019770
16367289
47931027
25879966
23402760
64684078
126016046
133369186
33408086
105122836
10415129
95015767
20180822
4125320
11149092
12544012
79457815
116311545
25289178
58355886
0491879
42597166
0060137
34811755
45736756
107249450
3602401
19496845
34941850
38070473
154009126
3931083
30377487
13058999
0609981
3180494
6434951
0308363
20959899
147784707
7799469
0951916
1420972
98346823
25379963
0263450
21210887
7450176
168422556
0660832
153283224
57378472
56569864
3344797
36080547
56205406
0572674
11134233
0297727
13142637
24589038
0050944
19814891
12643793
0085813
11592147
55945807
3650324
34974106
23871810
0100872
13312365
44781931
8347162
32050573
66061415
60848336
1298200
7458341
6397605
2914923
4915363
0337168
88405169
44371299
40437479
11413370
18183434
155058392
1224282
2590571
4835904
3401771
188419306
37285857
73683871
1852940
11541392
20056315
21944195
19683459
3093951
23020552
9539334
133824157
1751205
9288952
0420881
0033609
4890194
14849347
7967236
27130399
0713081
67800367
92839933
61693157
9331346
13593855
73692683
15993728
18629680
49163424
59533882
89742206
68514279
8458513
74761395
12000291
62648747
77806458
2327866
12672691
143433449
26639083
111846831
0957131
43979260
0215496
1420795
33717220
114264839
38594429
27430818
80779866
184457774
27596734
0821843
0300520
41932164
21810367
1916349
4620831
20220291
163087908
1747471
6805148
0543088
24010163
102864317
22487885
89726211
1136587
24568585
2204764
51703447
23420760
5270924
29755759
100264248
1076742
0841529
1853378
97806785
123021872
30298056
24724966
5231127
15561119
44529231
19629334
0282272
0788778
0152095
38111637
45044223
1916117
7018049
0886704
26050426
185476077
55449805
109450359
20862499
0951689
147950279
22598458
2133176
6295393
1149412
17109727
1229963
117627613
126459776
33198161
2251264
56356399
1539217
37938044
161857989
18483437
49206960
2115026
0720215
0115670
1244327
96583779
50238900
45044305
134932157
0165060
22178834
14254097
60305531
81246210
1886767
33447813
1906326
30239261
119578705
2273788
26284845
38476124
3472844
49356591
2342172
8276049
0385896
14745798
78543954
55870575
60258830
53355863
0720105
4374043
12160352
22616924
26275643
23986914
27927764
1089604
85794346
3490424
0402993
7152361
11773815
5512905
18096379
1476635
47102816
55421568
14800267
3096935
1186857
6366684
2473080
127192727
81488606
0682216
2055610
2948697
2547554
26609953
45625753
1679837
50569768
186631911
31344378
7862707
60127278
2937331
143477766
0425907
2753210
67716343
24616813
22092537
9831126
178905085
94003150
50029635
0873837
2550887
25870565
0778385
0213396
3922585
2344316
26117274
1584285
24488795
77895259
0025133
23332915
0178718
42439835
0335245
1229037
149317751
0290054
37263216
42995221
0688364
21076852
19172373
0374241
50782330
3424723
130699853
69526113
0199296
39656118
19610290
54743579
173438704
1405181
19694503
11993299
119927673
102722233
0374366
123613419
148460284
3257290
99150631
26213017
18101462
0962279
150499904
8864154
128048621
47415046
151469046
10490545
2274299
25872627
115613464
84984657
22453651
21629651
19737069
23564885
7011866
174291621
23603926
26102425
82180137
38551243
0629888
22255587
20334628
48019089
120076217
171536340
1082415
131988102
11368832
4444561
1918352
152594962
60383506
1243351
33738937
29072071
9169347
65669029
1213220
18799880
8722971
5000611
70546038
6888868
5986280
20068624
34479440
19556601
1683802
17550604
27257332
103339697
32742254
63540930
49871513
1447830
10820443
35147608
1751968
58390341
42713633
13879994
4547817
17827885
41032416
12862974
2295935
84042202
4114214
55243638
0234212
10191779
1252150
19527141
157134885
4583614
89218070
55019785
65149170
1559768
0204582
31927784
178239163
56129850
154292827
1252538
42013787
14443879
4515748
9218491
19811821
115898177
4247818
66188481
18624974
2607662
119324256
1698464
1400042
20854433
82480743
167280307
11843699
2605855
0181004
7535056
9130005
0136414
6651801
81915130
131645631
14670356
47298179
95182476
65566832
4404145
2777150
18828401
130995887
46996894
3219653
20664655
30400783
2655139
2490998
8872584
55783090
121199816
71666332
21198956
69551872
1722087
34088739
0121661
24988941
187261617
0554239
15463121
105881329
85477871
14048014
58713425
22285679
0232746
1272311
1587891
21182370
113701642
0234193
24295698
1169048
5303254
155927713
1720516
105206881
19654105
117665467
26765223
24324272
2318316
125209625
101869597
0747159
21697609
6125115
30198461
13724283
32530370
16039866
137764840
20123368
68195895
28655059
109791823
6122626
24473961
35847175
18828484
2044032
22839492
137340505
22887418
17322564
15613899
76941884
67692846
6093394
68606392
20605608
2127660
75773575
70336754
1941382
0589492
59633457
0236730
140372786
14584190
57822151
4766211
23533065
1792594
54441831
34473777
23604304
41004783
91189245
7292643
0475646
86412942
37509019
40465657
23276684
1118579
42082031
7458233
0117740
61359544
46856069
19889512
23098540
0317388
3362673
0100815
13048509
164638215
46982706
1061994
72276538
3895490
79357184
17945954
4789991
4282743
137225671
9096581
21857900
98462335
44291032
122269392
35158467
52002135
129082794
118859279
34461812
2263683
17751564
0350351
0419782
2336927
31745299
62432969
7672748
2928259
107521650
0035296
74365052
8211849
0865125
52270196
0784071
26899545
46110142
23058393
25809958
23033197
4291909
58491462
46434430
0750641
14196966
33577435
24022585
129501452
13509480
130632963
36300209
67528426
176650612
32629415
170144214
32714035
186823620
1560419
26870675
53248714
4412657
2729220
1658756
6186047
10932536
5302045
26199705
1727341
56302611
60511410
111960511
107750529
148673470
74740957
33210924
28634692
124422428
4284152
22286600
2837531
20558684
12267881
18002142
1238917
0457898
0653571
19501058
23792049
37130366
118491043
21242033
115753668
59398525
22631406
62718496
65188380
44584461
1764852
0516987
95878573
100048079
114560829
164971058
12334034
27836728
20292194
25913198
25443450
52970428
16661595
44956762
30390928
39620684
0119012
0984699
77250506
63011633
27216991
5984497
6975971
79961330
28010910
20763416
113730778
9868640
166719946
10039479
0118883
19771441
111766016
0093283
47560056
52225625
15071933
1307360
90433291
68677054
29894878
68295450
19207048
28873982
11132007
42370094
1897129
18399701
72887746
14156395
4974111
47449658
57523969
10189656
11445024
62044501
82777780
60167920
0788068
28366272
21930789
25789861
18268487
127960024
3074724
0430469
21214901
29092362
4474359
1333844
0020028
24153976
6059039
10986146
135095202
36103979
112383390
74970478
168670141
2022159
0920239
15617584
55587801
7811742
47268086
0351485
2592358
14288313
0965771
47522630
69516466
190629965
62033168
3287980
1836078
35641567
17235488
5201154
6626159
111759248
128215119
68533872
67732989
60610250
4823391
0339768
112979285
37991112
0722673
1561793
23294066
35993507
0094717
0807367
21894271
3332895
148560995
36866997
66946036
120887251
1462194
22537301
2108410
4837343
19922696
4360180
20081238
91734304
0898781
24467381
12559370
37116501
77893709
28082572
171196251
51374635
55051990
0510871
36166477
11841403
67763566
0284844
11566693
20969659
1853696
84930745
83392736
48544349
0665530
112953741
49348973
0383416
56054183
12434620
3475887
0073787
2767064
4908728
14752310
68819262
2945248
43809706
2185377
17524884
2312824
3680264
127430855
55855514
98317492
20778330
89856144
59817910
68974077
1160152
55575877
99782462
6064225
101910174
0398707
47528189
17558884
1368058
60052163
22812050
0099386
11903582
28657600
92114651
15958198
45279158
22153539
1316368
133758452
7708436
98246310
61334318
0049984
35895066
24884233
3331347
1145713
147091341
40057658
25905406
16141040
3465278
71911471
3197505
7170495
0642488
104578319
2031776
163561066
130010300
0524341
168632464
35401024
105731994
54986218
132584006
101156988
16960533
24690261
2018679
41108373
1318493
21366454
0092232
45831680
37099349
96315728
10716667
0264552
165125795
0061741
3899906
21103412
48446545
