17508601
9265070
124834452
23222655
35726336
22650866
36169232
1831547
124344518
11661078
0213809
32320526
0486339
122590843
21637667
32427894
115579952
124296829
0365217
0275120
0354034
25166897
138485649
134567344
127033612
10693637
2182902
66659117
0220864
131799403
24469160
5146276
2413015
5305550
83867750
5074372
47725412
20094122
142278737
13077364
4653067
18421790
98580170
0092949
3176492
0136825
127912815
36404183
16766036
0251366
38266494
1552881
27459221
6201616
0409747
6208088
6077768
10802677
22924770
20264454
3560778
0237751
96671192
1552203
43320174
23975044
86004633
76189058
148569801
96820034
5610452
5852463
73817489
24062644
0425244
26267201
1207823
21073974
2893509
17513594
105051793
1446109
130481009
2499046
1068783
25679317
34760083
9972457
22594244
31429546
1013799
0056798
1048420
24106089
23561275
132541864
4879454
49158416
15000707
0656262
46001309
64938171
126590345
6453206
1408255
2548780
105276119
23084424
7330010
88980136
13126920
85160294
16587074
98680042
0754399
57330698
107729960
30343232
2595329
0239482
134866492
31286168
1673832
76525553
17743283
102931367
69373227
77234399
123328746
4324073
1017865
39080578
8456884
2851731
75574448
0103255
155772847
27679811
5468938
4006751
0470333
169363097
0631364
1836410
104695563
25981553
7762758
1223729
15431814
94601073
0816880
21346123
34995112
26726297
79861093
0003136
2568520
0444345
105374133
14837185
22785995
4756446
0412563
12583046
36699195
11364972
25632785
0832629
21251351
9207041
2438668
34241785
112843606
0853734
1615912
58181054
53774815
100021707
13508078
152225100
34008656
55477932
0412251
35610322
2188681
0755861
0293677
35616843
9929160
83690872
102474604
81900106
2549542
19242051
24515395
168695538
0769595
31863992
1267934
95702385
0899846
86183428
22145533
20342873
131655175
24256464
33262125
4080977
18728512
58703822
3466728
1268418
54147169
31345124
37837614
77890256
7969168
168885071
24601737
23618187
1594596
133070549
52619008
61875579
4036376
12078848
17635352
0235204
3861132
1195185
82659907
161816335
45113028
25476104
116857163
36446626
17050711
14296764
30653305
2322721
74864991
19894286
23096524
22629497
36298125
89120747
35542303
0417044
80313062
116768636
135021243
73359424
6340848
19410935
1752831
156042518
57863057
127118024
148657471
172730809
52063783
2573273
3573870
176828740
50907007
73541295
1641523
0154272
20413583
11665019
123929405
3419657
22612659
183065702
53954167
11238371
30925387
2404830
19252103
4788588
0226373
34676772
7399214
94767254
2037258
1241886
64391544
0709880
1561734
16136762
10617261
38229078
0612347
14973858
25465081
11554114
62490469
35882613
15268980
5575789
17537046
1846207
3767926
119747679
46214954
0995044
131106772
62174348
3695475
0260983
19597063
23271251
134654371
2073781
0346133
0842688
7204169
0109603
1394270
2751930
13773571
35703797
0620084
32728141
0150791
118797481
42710237
41277905
2604720
1413169
84107369
1259663
8958126
27674443
84435446
95256587
10397319
76486488
1890548
0236996
10919398
88288680
59053898
129308044
15766622
13483923
53774907
42618554
0476133
64394634
1233366
6713585
40745896
53128787
11899981
24278173
72996897
148353993
137097375
10754633
2732142
11367784
3441650
1207262
31841844
55503340
11989789
58520449
0361092
25369425
8480505
90653701
160901021
2968519
12505350
155086559
89449313
118196048
19764870
34714670
64692921
0726262
0293400
55920263
122673418
85826997
23504244
46802524
167438043
44406927
0159179
64506588
18850249
114199103
169412914
9789251
9480570
24863576
61443886
104295062
30884139
4325078
3096854
68095438
95842526
108711173
139985408
69374346
16160219
20090076
5758000
38757832
2993845
82465481
0315848
0542767
139489709
157865736
91245251
2221760
4377833
124170488
49062881
0335458
1207684
117254087
51234718
19788392
7166950
44171768
115271616
23074458
17365241
34364882
2993866
0315618
86356459
36859140
17044410
0808087
34187486
36903388
25559003
95060516
7380258
47865788
0553314
31736963
0435793
1693132
22841293
3103298
46981362
59119838
6046781
14145110
1017399
31885971
16494304
1205698
95647784
12136772
3427769
61379422
3421258
39773485
22657983
9749099
2678664
13073718
45124853
21202236
20781972
20067778
43487836
51119967
28960309
0052660
78095102
1881281
2802336
111608023
2360515
81699436
12279726
27048410
5262580
36172020
97913528
23203800
11259432
79273104
114306144
11814570
51902976
2045715
17730703
0309694
18728950
19444854
33246183
65929781
23316596
53162309
23953321
32898225
12429193
119002448
6128409
15773348
0723577
69211384
55332603
25257305
118450634
75585747
9990393
0752019
11610530
7184253
1600882
1907835
116893508
31431992
8495014
45139988
23949705
6037654
44186960
152839183
74118933
51764184
1231268
11360128
95335934
5287414
2041440
71036812
42570891
0325053
46633244
35714516
4075917
102346658
2501290
134220757
2676188
0531266
47948110
45940709
39274054
1223745
115912648
1489219
9034662
109648295
2171730
17609018
68576793
0437457
19482248
46156361
17455806
15746420
33154386
66566313
8050862
105765165
27787517
0863799
23078824
3412040
189372926
30724175
8114541
76782157
15972902
0857094
4431399
144759635
0194980
119864972
27726722
1050917
1019268
1430793
0540391
5375272
65263267
0288945
1571479
2101437
64041136
132971945
136774162
3069569
18480301
147239545
0641296
17292295
1728658
47786053
55893243
19788671
43702084
0797877
16450193
132995457
0177317
2046258
10825843
0660852
64848949
60690507
0405306
2017521
3600583
11826239
38334617
33870822
25422056
6666502
131756530
71721840
2124318
0258041
2107727
24084679
29395734
65480984
31013170
115855795
172761949
3288788
94180956
14424683
0325239
36395903
12757943
166391779
81491980
28829422
18175869
50946522
57813414
0608744
2399897
47996315
60506451
10311281
174436238
13709040
34499362
4338761
161069954
0420766
1264779
66553919
70479123
1920588
127494755
5625948
37334175
19415722
97367246
1606763
58441997
2938675
7585426
56625938
173403537
0453810
5348582
27342526
117718285
0241128
32481999
0480639
169425594
0105327
12533929
0882409
109168193
16419515
11864309
0140203
22951134
33615920
3136723
5125668
22833044
22181101
36344399
1178994
24308634
0883529
8831575
151929356
72174266
90736726
1998802
1826732
0371452
2228640
0137084
33961886
5687745
123346007
25795848
106116122
146760822
2312886
26559320
15540245
1174539
101761290
3857867
34631798
23382651
81548122
3050617
23913687
99136029
110024731
133758739
39958939
109204672
58574275
12612130
15150200
32344420
3906238
10898120
0181897
24293476
168469159
48259201
112851586
97919972
9960377
22595190
93387707
11416830
38244363
6570230
85106906
54302913
86690055
118794766
62612209
0309051
26542405
1422623
15561888
20262405
65382678
48591581
137787170
49850580
77165650
89869470
26678991
15363288
135573293
91158599
1703097
127595753
11249718
30606503
2195659
20988789
1234958
66961025
128790433
29906988
178930252
0912914
154167030
0242551
188732116
70082814
13946096
0521029
109093840
0454303
8998381
66237026
14954366
29292463
1315165
6161046
114111431
133227948
28193542
6877799
0792842
22708291
62972487
36245183
16283252
28422999
18226559
36942962
21162798
43925737
91643760
0461497
2816530
48846129
1623189
18638651
1237095
8253962
1205182
8244970
134988561
5700009
47446115
6728408
120051308
25347287
101294951
24802215
131625795
22445144
32651879
31493502
78816241
14241338
49327605
18155217
23291869
1309512
174753243
2031466
9530882
23575317
1589190
6922249
0616160
11250817
0396965
10950654
10125501
47908789
146718223
10615203
68520428
2898793
34008974
5175206
36803372
67181750
0370558
60259594
113789660
59856126
35641743
35463208
33104064
169962704
79877591
13580496
40502334
0103058
1414598
20733000
1647485
66711472
39827680
88848454
133019640
2638177
19510898
26297308
49866662
75961328
23495323
24115300
4505687
125389654
129185247
15412164
10666316
13331802
4561972
37367224
102552807
27335438
13941211
126455681
131591187
33375979
123720915
27768175
1315935
92093277
0762433
1027502
103220230
148661117
46251748
12745169
125833174
1246726
165315248
26855396
4416754
187619671
70928216
91000257
88517713
15517946
11291404
68535753
100648015
65879917
118704328
84384267
44591831
40194607
1783441
64968003
4297978
82492163
77092838
13981614
0588591
55363211
1426596
28757769
89252080
3987336
18945399
25623838
14879487
12150372
4677840
127181146
156776131
7354873
122319986
44144866
67528206
80529125
0472511
24516704
4598948
26749274
23912840
9941300
20961736
9348335
3649522
10226923
8334358
1159868
26478870
35232415
102082597
70437598
38504892
2125331
0091092
55530196
11458924
113529171
9915873
12624273
0157239
68005716
3712442
136060850
102431840
64844747
16357400
4207271
149585279
1814154
19555824
15481102
52074197
86055256
22999283
164845437
1354573
22847755
148558279
13375302
42836750
64709143
7861555
1943932
74061277
31123177
10575163
13964934
20470136
33454947
99185702
