87922910
28545938
46686181
0122360
16288015
5273917
0863759
10607341
34210761
14095545
131633403
9721072
63588283
0734519
0945547
61512319
2747320
0274024
24560156
44507255
123179232
0126040
3063533
175017686
85749645
70546849
0000157
62049155
130721444
0285685
100500719
22012196
16976880
23935746
81810719
0965356
112560374
5014471
3057109
86595662
24151476
2940243
5046149
3574776
9704632
78611217
108946017
50463365
3935682
102731099
3812636
19827319
48160893
1835415
127213277
0463749
26852927
67496636
41625423
42905691
20899932
7428749
64281593
23853088
2088633
126078232
57198382
12039977
1013103
109012741
2607542
23514883
0470659
18905724
129110407
21068674
1002455
21271291
13054680
129346035
4823621
0005675
1846380
99846860
45682618
0612526
43690329
135909092
33119245
1029047
28811795
4327913
63016993
0035524
54834174
27620159
44050918
0465897
123871052
21824487
0746682
0063114
94055261
56466533
21840131
43078905
28810506
95230404
15869436
93006392
37981996
26741397
26000778
9794304
17644545
26506733
28476749
24137206
1409787
63337431
83000085
120266932
19453096
2315226
175254642
0436485
10205681
2198981
47015313
18622219
50832362
0244007
1178390
0134444
126994655
54940712
1432563
1277147
87636115
2127670
23581144
104226912
2785847
9777565
13583238
186823339
1617937
126261859
45159887
133241877
52009067
157608789
21888816
5160439
51414493
45549401
7485405
1457064
4942581
22670257
149192978
63565756
55016800
0665878
53902415
10491760
4371071
44884911
1907775
62286529
21861367
24741298
20412384
65087218
40486253
0376847
24128590
181186778
95350109
80824991
86913196
153061458
2941338
3765956
1474773
3595861
10340026
26053892
132078642
27966728
1898641
123535401
0876021
46231442
108742080
69436446
25097333
6980728
1857852
36971020
24955848
24152200
22408091
2120055
37127584
123238637
174183677
10058980
3330353
37706230
34692280
0036960
79618365
0138468
0627724
12295359
42805239
51155412
29402668
43815703
0171878
10977038
2005531
0232691
81469412
3593013
148183055
2043767
12265763
171134346
22846063
31722838
41609059
51837564
58858155
38190931
2555224
128471496
4846150
100283909
114728479
130115801
2302141
68356111
107914316
0611162
21008628
154385653
126952560
1383444
59110401
36947654
23332602
55056252
2147083
12277830
56030095
17528114
10035740
26548072
24679848
125646202
39048184
53671780
22963396
6771831
36853770
53322576
29967525
1278968
4771145
114193949
25132784
70021266
22411525
83978046
1913489
11669531
16521326
66115895
8235575
4346182
22479728
71097662
61462236
69482057
3879035
115262609
19711028
25876552
134331910
93558265
0465753
153165341
46483347
14536496
27400504
49655331
10267518
0918541
47682215
1442392
0494969
0126895
25931888
2176149
11462385
115436154
1322695
88359459
187780026
2839175
49705012
66963978
134001051
89300148
44851417
36122919
29415596
4322440
106941549
134586332
37801562
2266062
22000067
0864792
4580657
0118815
83282229
30580360
0744342
0088532
127913665
16029197
9100633
5825966
60295437
4269168
13182154
69880758
0457714
2735659
35620690
29379737
131436096
7195432
64160876
5231912
4663339
161901026
96261609
55876984
1696608
19724765
59739605
20394438
131900783
59952985
29576218
120661960
45028846
11872674
82107694
111740232
15977902
1522844
0194472
67044755
0508586
119054661
28013497
39327703
61168521
20726300
152566553
15754865
16858898
0529895
159294113
133944457
93264864
135752185
49128449
107760844
1262324
32554067
117825517
0604579
36296455
1235782
29686109
64245934
1152393
17603680
71181162
0370119
0083257
43931436
51569950
17584945
2735453
44771050
53865677
5529261
44011064
20634895
24508752
106599615
68822585
4508792
0244884
5232299
5197304
62917233
0771548
26324635
4335296
146100494
9254669
173640403
131980519
51890816
19259082
38164356
57298277
9245866
0241150
59488753
122864361
0606009
1318287
22662585
54946860
152077519
45492504
3730326
25803573
45703026
1075931
4332155
124427536
3727426
27271266
16569569
25024493
77751130
1039911
1311649
131762526
4777004
1436336
77385233
117412667
86967531
27375682
35931153
2521899
14657241
31607536
48636776
26218947
25714377
0873261
13392060
0141271
1648028
83831711
46621172
40557545
148559056
13168774
27129193
1013858
23277848
27927360
37807966
45997920
118985494
1764000
4483916
108338183
130838742
26259742
98510263
31083664
165341773
110190220
13198294
0426209
26096200
4163028
87138871
2642118
11419470
6474845
105637923
2185958
0593193
184498122
1502530
1609306
17331301
60499188
22229584
110114396
96930851
117218010
23607028
7198518
56533266
56811464
12119346
17647783
52098872
70900873
0955446
1396909
0234319
45550287
4430651
95290966
6912061
2557192
58141545
0003509
27045324
64420425
27437665
41429722
116807762
9940676
2158423
1842581
31325125
60058315
38352313
24427163
2189636
79438416
96002443
5366772
174304122
0115026
23222807
12818455
5127277
4867150
178212423
152313544
66979966
26595028
114495495
122238530
157782644
104030608
64772087
12165280
70923407
128764936
0081197
69897542
20506581
0238293
14512098
0081778
106355604
48614448
152605501
122318272
83963297
9118135
26642588
50536334
26920693
4547587
35391660
4642638
120241830
6411427
65478576
20808937
6477070
5725359
0279913
1519717
0354948
7591432
163119409
0048022
1944008
1347881
35604466
2306398
9529546
77136418
4496495
12530732
111571149
0141366
179226031
2818012
4880122
47465302
40536060
4700336
9189194
97072393
0075594
0746147
14397406
60014963
14151857
2724018
14692191
21223752
23795874
35048995
28595709
9707425
1727551
13003529
4845586
1714845
16644422
48419228
50211149
66199299
131906673
17118924
1135717
106748359
97534427
21331603
0793693
92327379
75864281
5274394
79523701
0206511
35344701
7626826
3482374
1311928
116052288
89375198
72710937
10228509
50405186
32740602
36957434
25817493
1881867
19644557
8723027
1196409
153673778
109534919
0155257
5191301
47314986
1856885
1762720
30373998
4553918
107363995
23753176
0601440
45778716
49033073
0794210
128266142
17858024
1730382
3477983
11931572
7931156
58196900
0092418
86808867
5978668
15006437
6262350
28194206
135261992
93981641
50844390
4089405
23172671
20915265
4126994
39058343
0199555
3962398
0223915
65536363
92935580
0715637
87703136
26127492
3811169
45055448
132500208
5467503
50950439
1123908
74622532
101877629
126382822
10219487
0473855
106803668
43483305
77626514
47379953
2140604
22658258
17424508
29378795
3408652
47641878
132436868
1829403
26951659
0140294
43576876
26183141
14485763
57939121
0253008
19176944
77908690
104721670
46774048
158637453
80077416
34382687
35304083
0428516
13745667
16787843
1510776
3921331
43239120
50368106
130601700
0055324
11994615
10173142
21163045
1158168
32349830
127101681
8057885
89460244
26821833
159440135
10182324
104333280
25965833
20464595
21399427
32455428
1158225
22878344
0324817
27100782
49693592
16031339
37854656
5976833
96538844
16930432
24202000
20543259
30604195
1326280
95438795
44720739
0733140
19903344
31036840
41425721
49952068
0018687
24723880
2784988
11554418
117516579
88992291
124384826
152527215
21195520
52160546
24257729
35574196
19391024
92321728
2250748
87883810
43581922
66018024
2309816
148250594
9566797
57204250
16542127
5047714
131176959
61299624
1392041
4329799
62186904
2506867
33088422
35900381
0431716
1328271
8424410
8637575
44759627
0835404
157650561
0555841
17872862
120877620
79304760
0265208
97095758
15641176
4728475
32747588
3505805
127621936
46388735
41165680
156124475
69476703
42191927
5876105
3342100
19704923
2207751
3379601
24247159
3813874
9317261
1903936
79536065
50821177
16572644
54750446
37006284
27828647
1689937
3333550
103975871
13127443
34459460
126028634
66101100
56926099
2597554
68895441
6978187
24500668
102362544
135865141
9431901
78895876
50258581
134299178
183050874
0092467
7979370
20583113
5330400
158627822
188386703
22731172
65938208
86669672
8898115
0864458
7502104
0866260
3077713
9288573
74530523
23599596
19501633
32750144
85173904
110784006
56959568
12517118
1349101
1452587
31862421
60656771
8447917
1013075
63535068
22711297
43423400
1063967
147669863
38340845
36717617
0467763
1823481
0306186
21881832
2394896
130076903
17914142
3271934
0954300
24147130
23202464
24362759
4584242
106069371
86591533
6276604
46744083
130021554
102219648
0444539
114418819
4494528
0754893
32510178
3174657
0501841
60812484
30713315
1562184
160947862
27146101
1198449
16476858
1309302
22279519
0453068
20205861
44451590
0624908
3206345
47437463
28085111
32698972
155653682
105633803
7220598
11573110
50513966
117288865
7217931
26970026
0271950
148559522
0829442
69487212
46993949
1746227
127244262
98715963
53256219
7863827
3671878
67073207
37143810
1587586
21392896
28795944
89038203
101405300
87745961
20522555
11640203
18786534
2285190
95220301
55533434
46277393
89516458
63027215
0539410
0307162
65027804
148558446
5653556
1921515
154453388
49953131
55353049
1574985
2289738
4371077
1213672
