0894002
67796036
10957602
188010937
62866587
58905255
1823513
2307933
70376332
1517556
24440309
88505714
29687069
4994628
0169863
3942136
3052896
61692916
2290488
0532408
53458430
38366161
0916456
23129480
135543109
20511172
62948827
1155335
12295581
30030184
114776790
7758555
25240411
64913129
53164741
21076702
53824778
2448625
1853184
175541259
15975499
35047981
64285944
0654505
21065088
32993247
21362300
23830879
0857563
0192938
24249350
0517315
1239355
52360725
29506558
4250541
4045000
60443929
148675747
133231456
37417060
1084927
26910212
10741800
70529587
3173020
34806608
29663544
0106513
78928136
2761131
68694262
140436395
149645133
148551854
53085979
0208156
18659828
1306398
118239425
52176893
147667493
90388172
103309919
36512943
0230130
2611989
67040437
24328853
26226712
1462427
6535601
68905245
23682766
0148750
23716957
29640254
67326235
2899490
36356297
1461771
2940405
131322739
5461421
0079457
32275239
20584971
94972321
6766398
23920260
5424352
32210143
118120685
3335921
14699442
59336985
54723667
19198507
148558565
26913261
58740256
1755836
8307511
16666241
36463629
1290463
24939688
102726286
5731184
31958836
1686452
23843243
0724650
90074928
0610552
17276782
8517873
2494041
34662718
0862032
62685107
0764095
20902375
16747454
136125854
114690246
47367248
9845524
43209358
2563176
0084002
14774651
20394392
61057849
117696757
0326120
0420540
1516207
152797405
20957413
157563762
104840744
32634513
127647523
40111899
25552762
35711028
146344728
0514198
32994160
87211132
17550331
53640996
28794986
4707594
51350364
1666932
10059351
16604593
11986548
23873065
156471251
119119610
27828904
4283909
24123130
11751173
2415414
20262468
4886682
110595553
20098542
24644385
27435150
101844298
44558268
14206337
0704672
8106187
10136675
71076309
143531983
114797517
129119177
64003502
157532159
129622125
125123055
96991013
107003595
0317048
27939950
15056548
149072432
24899056
16331758
0530792
6922361
2087465
46292404
0700625
11996903
23694302
9441157
35847811
51673487
120413157
81174356
56757060
5268098
124553112
6115644
30042210
80303335
69538557
38074042
2224426
91272946
9814911
100698110
0170077
15429911
0421863
26600386
26962336
5176033
1829515
114944637
80753446
84453556
20371846
41824435
82172035
1965082
28426822
2855918
22113488
128560427
14003641
0503545
104180394
9313675
0018584
108282385
51593411
55124309
79780861
1039950
87078773
44270825
15081028
30039761
152378250
21961286
20498796
47055249
22858299
0200029
1664939
55815944
140887333
13802806
6739749
2572229
19569997
1917678
1617820
120611676
6325108
75870110
38011481
11239900
22870797
13992526
105082429
2277374
5596851
61414523
43226961
2843633
172167130
47932172
120934913
13125953
119764682
1287666
27564232
26607489
10410290
64316507
0368650
0326734
0278715
55466098
123096519
124399692
57076098
50509910
11485811
25033718
0205627
5153981
17107968
149572993
1298847
2210263
35540428
11489358
0080934
2441749
33539894
2792956
24896796
3578758
19549351
19392811
16053941
47807218
9487201
19570587
23015469
86595350
3492661
125884277
4106258
18740423
3635645
2372566
73346302
1565239
40972657
23645536
21912870
26814651
29073007
3226761
24658649
31239923
8760936
23959185
0119161
26517016
0323492
75722832
120236310
32532055
13351498
0138278
25013639
155227753
1069686
57756206
3591514
1517840
63985227
23807444
65126181
1698056
96996693
147549224
7806552
115261323
30907560
4155877
83073174
17925311
15471281
1793390
68282641
103832701
129849611
84667814
24482482
19584959
156714014
101680148
18567389
53430082
8611114
1963995
1287548
71669073
52151120
4144133
4486511
6742445
0532805
12276722
5193064
3435228
55689277
0198641
1917719
68309731
10077115
2756769
27294055
128569426
81251013
1859690
158516033
0403590
15429412
161042408
10246827
38495416
131712701
0499516
2129809
15352891
4072800
118337147
15974271
13731460
178653568
26281307
1994077
39213273
4896625
6817759
153542706
24696004
63724374
2522019
0837378
30478563
7255242
3694009
22966159
42042538
20156184
46500398
1231552
57512116
0616506
0997323
0196132
36150313
0577120
186770616
0228649
1817370
150624983
66640833
50720570
27415354
0475830
1821353
20039510
37716299
2344829
122314725
135006334
32713682
97851607
5509572
26963340
2196475
11920959
15295660
49080176
53757302
49564935
13227730
105175819
1542072
29722810
8906686
64816867
0725967
0136236
3742128
27594536
9365380
1801205
41873414
30212229
5875241
20597047
87805425
36061420
128484755
8669766
117890760
16193351
82425742
22099223
23052951
24768885
103115566
88823672
57521320
160647791
115308532
134962119
11676382
0438556
156388725
21313114
2778193
10336787
45143859
10239397
124516808
19965953
3712549
43679970
45507551
55029010
41335599
15492163
44313923
24508375
15330339
156583699
21540880
5941285
23390845
2821946
3183884
180395333
44638788
54108975
1079421
0164601
11920286
26877309
74788879
47007902
50970194
13622563
135353919
11438243
44602866
97068254
48279852
1167763
123850542
24917032
22630675
33316167
161941026
4507693
82702169
0870020
80414476
1826028
21158884
9290037
35253515
148556011
148663079
158813873
19762555
23295382
22775456
78511372
24087635
2448960
40729433
3575223
0927365
45900344
16780015
13196141
44537684
1182236
124994049
33815826
27779876
95337798
79401531
158661366
46243267
20300814
96816115
134905696
5760051
5295094
4601492
8044719
25157113
0292643
1539430
33148514
2666343
47528269
66445768
20639404
126155037
0177771
19541540
101433063
6729081
0230124
0176595
50178817
13250491
81820348
27761253
29839641
50707316
13500472
82839689
69080386
9421735
160256784
62397534
94949743
1359615
134980776
45058056
8118322
8522971
114224101
15458803
2354121
40992326
178406622
12565398
73385859
27159660
2257602
2607475
112332416
122321227
4469875
0497926
75672959
1275015
4148817
51989369
28569682
101877165
61811387
10224140
4198950
2560576
4733911
69340470
16013426
0540468
0368251
44660790
2963545
4628644
22041044
25306769
0261273
0411720
19921332
37792063
1740854
2267713
4480528
3067179
119203771
77454555
9285656
66216537
20516952
0214093
0524077
147875249
22052571
54743615
0407637
1629428
1935657
46300542
7819087
18238147
0107534
20257136
148563215
23693516
112118500
6322351
37647343
56588788
86768573
0545007
28677075
117304837
45089804
11719161
82003792
14551063
101266158
57535541
99398009
158539403
67961664
8398565
64979441
0426613
33506742
23778167
44942925
54769203
0960268
8415222
48053412
2672678
147326874
38195750
1598288
6207631
1711866
14814702
12038686
8291235
130888568
116063057
10278443
44878653
40232055
1517813
4607141
15147761
66966860
0821813
3065619
57216597
3917706
4546502
52258235
12808938
46385790
21697245
95836440
4462867
51554838
120242386
37904966
63558972
186824612
17906668
2240621
0923463
0211032
26856392
13319500
2667476
5358215
8989013
8497165
27686633
3594186
0738345
52710360
8723195
66551120
0094501
1974671
137425237
17887428
6950353
21321686
20136579
5635577
28968283
5878061
36858538
1429058
107389647
7779024
61876742
2447796
131894774
0393810
39462873
4100895
0352443
65316639
26449204
0526845
0348896
6474207
4444373
19619878
44377567
5117430
4075689
2234990
21933495
117498210
0773203
3667321
77954221
31558249
114461575
113072447
3651233
25751561
1623980
37261396
110101093
0289266
44902341
2586142
12902949
18519281
76890611
0596368
3537574
8107103
18170002
24490208
0233775
95173093
24286055
13549350
3656227
50188739
20310597
10542738
119124198
0114148
33058925
2619452
109504642
72379706
0600143
24492016
0801016
111427777
0707664
40925133
23784387
27311211
20501715
19515960
1921370
50719231
79885342
10469176
3262044
0314197
1742543
23847170
1124818
113963434
108761189
25710997
1555473
20922664
4546252
49208568
2367056
7054870
37667544
183307980
65159425
38981204
22487163
22649925
63051410
186560085
120008848
21894412
138871007
88279183
33073916
5447919
0453635
75466171
96899862
20194014
21256558
4800527
89275284
98983989
14168799
26821150
32001872
3999543
72555669
2183438
0450157
22742156
15055851
67730785
17025911
4764795
46759873
1246973
15156667
35275327
2104118
48586167
0663495
29681982
22851482
2496397
70692647
32038326
68417736
2946607
8271993
84108359
18951864
59811812
3701751
0118392
40820580
2599828
16913392
1226153
94901626
141743812
57750310
24276388
57203398
0723514
19986736
178038461
3583399
133848693
21380940
131003424
1204190
68229191
51002422
0570377
0209521
79637573
2237210
0453228
117710760
96800460
59571560
63572699
0622359
124855573
28147729
51135399
12421044
149904903
3681150
5697176
26397688
24727656
27648054
12852408
0869266
8510698
26753066
17470702
14769894
1046460
112796323
1822878
1286330
88537827
0375597
14737151
41963464
134354633
17521381
1973338
1889550
1011262
44273361
45529594
0927546
125825877
3497972
46377108
0343200
5794539
25916749
62318327
1276055
136521405
2016644
112156931
23456311
1993158
1076148
