0863664
0401236
151669412
114798992
5035536
1317822
2158453
15898883
0485673
1989562
11635970
20315370
77446015
41884228
79444213
0149290
0213498
19773215
13127632
3683789
3706543
0153715
51539131
25257019
8116246
81121848
151523818
71128390
23063954
6033918
6678544
59714635
177129783
3725359
134484842
12162114
139314041
118778499
139084851
1490631
28054574
1555753
17283639
50356406
97156465
0498638
64347469
12814660
54781970
55419099
5171639
25930246
12847167
5232042
19730106
0272106
23717772
1817094
49763569
119436430
1562715
1941835
4015890
0340204
6846854
25436518
129510037
2864203
0100983
42565325
1291717
65564596
88570913
6059684
7290769
2473432
60789673
1637356
32214898
1805665
5090229
1749825
25696622
13957816
169425595
12838583
22325181
3861004
111085028
1237981
89713730
58779599
0972789
35303495
13352999
1553624
29546631
48345822
92838119
51526015
0503756
56024399
8529504
91370263
3967447
84505868
107586880
0347427
79123651
8615782
7404162
67865142
75951811
4499980
49647402
0380267
66868761
54306661
2860101
26110403
44269356
19557053
1446809
17647296
4906367
121894112
4628049
20068528
17817151
131696922
26957527
2244176
1193328
1713415
10070830
69069332
17264912
12099848
12816955
21963198
1383513
3527774
132479925
15982836
154530227
68032818
50387877
23516945
87552659
108082460
27978530
29077739
1988054
34087008
105745369
29056715
0169112
53367268
3778378
121501987
0911090
26746917
42412785
128850466
5939156
13377614
96471124
0238360
10971547
54100982
53814195
0134337
13886024
115645404
130966064
19147004
5246211
27749444
81222813
1730499
15458917
74457741
153644858
7388595
19609980
15636049
5357669
13456254
89389580
64665048
22512395
0341599
100155012
12679732
0147399
4206008
14831133
2595301
6941579
24359184
9348330
1458046
0353455
6077577
57545514
8383982
46169576
94201019
17149922
49596631
24012151
137463524
0260162
90216775
114277123
40427036
62581358
1202625
39023989
5504739
60689236
84237146
1501155
74348775
34265747
1293471
5082681
133824631
127724832
0321352
0303560
83852031
106993889
11654607
29687197
119709249
107462235
8020885
45129353
5825211
95834117
65366084
5551801
15663780
34231578
3384810
2902122
112922278
21672258
20351710
26247064
4526398
98033888
22232001
11027985
3312099
26774219
48281907
0526725
55980739
134683429
29203031
91597955
93106824
6063915
158093774
23537287
3105386
22035841
43013894
24902440
106185007
112408160
28348251
21299347
27654468
134453055
21098635
41264119
128564552
123630428
67026002
69961653
58748080
4301653
3528788
78478647
128314723
0358770
39824942
49182994
24893399
56984847
36608435
32982278
9544988
61889856
34595368
116690900
22091541
0791051
0924745
79592803
69615001
19118393
105378753
0514618
129209699
15435845
57169104
0106713
2072817
21467268
0663475
0236652
1731373
159160885
10113600
63324645
14283828
54262489
53222189
0656240
58663679
55807026
2613721
85866740
2804626
122548490
36029274
10658336
1779083
66076227
8566903
15093067
0239878
57867801
1923114
10021263
3430741
0807416
188985184
5918917
33131309
95027012
111045179
30062355
23713437
1041786
76526639
2254450
74034159
2079410
157970174
0592579
31828932
113134164
4301468
1410690
1414068
56303679
160528532
180367896
19118704
41807861
180913872
10711494
75945949
8492243
28828292
0801053
0314962
21160377
13449153
4630549
57699719
0708885
35377499
3729962
1701011
0929501
15173867
53808046
78028430
16803809
2826075
54685272
31021997
109286065
57361471
0301585
111777955
2705040
151883095
22628049
55081270
0356721
2428795
0516422
46172180
23361125
11460298
19086336
95840629
4534413
20589639
31123409
2857958
50163204
175659193
0317890
175375265
2199709
66272468
43792644
2390928
44531717
93014191
4841247
24712715
27452503
30643118
13273237
88580714
4389754
58395444
3828252
64397214
13402185
13711800
11169993
112854288
57396192
14095163
0666685
16619509
168155025
8255523
3582338
1322395
57939348
84156756
24476688
22450162
40249664
134914487
48487475
87936619
23602294
161171309
9850730
61466157
0421533
136626426
1789314
23423671
53829474
16851699
15667464
12870451
63887086
1812102
2794038
163476961
148385334
112821893
13949502
0280733
82098568
160402523
146739757
4065161
8045902
58822502
98298769
4836111
25267822
0783285
129192971
155210884
25202754
174162584
43175853
2603561
58419994
54540550
100634575
19543922
67270574
0763219
104913212
0865059
1901976
34447614
1224182
24566806
4124538
33387423
22338038
50891180
20375346
0553369
1824510
126623537
147302348
70895806
40581001
1070041
9567013
100769396
53100652
2257304
1443078
0137189
5631526
0289318
150644063
36987856
2213319
2942938
13553385
0205234
1093006
53927624
2630196
177943449
5052700
80181787
5040790
130276466
1197076
119009092
2198340
66094405
22098914
34842630
0970139
76337789
22514176
1320590
19825181
107790696
20482164
6395850
155270134
18451997
99753655
0420541
9707161
59833923
35205065
0422126
97971481
10533854
4535081
0228787
22013704
76833975
28269187
16565053
2040950
24353802
16000124
28047118
22194718
20402944
26331448
1098574
21692529
43999158
83939540
9747424
6364659
22252910
38046498
19005144
155559708
1465059
51596091
67012087
118486356
0467846
11217824
9197319
134355676
16083008
1413080
108670291
5030546
27950284
0454297
66223803
74303718
7121947
83269712
106188867
5562537
69429915
151816215
103322840
60372803
2607047
41489342
12472618
122240858
0032407
131459994
53506747
190362249
68443345
37466457
80722307
15651776
0387992
88295476
57073537
2138545
65410097
1932730
0389868
4412515
4879617
29284375
1448650
121329057
31794979
118471223
3994686
1639885
4268735
23247554
170404767
27837332
0769139
67659201
96635537
74798137
0185161
0399999
20505093
48076021
125493951
0440688
9377671
33448809
1926072
24226784
87673995
19650382
148742866
0284097
18176051
20551715
0159201
92159142
1560900
4799726
2846778
34089518
118014387
180505170
1619062
0694631
30170437
23512880
26750211
110578282
1089247
81818144
53265851
165492724
148656867
1928150
31607882
28634507
44191241
1469749
19873945
0206037
21244965
24712873
90300732
3743539
141752754
2981003
0498094
97795029
47488356
127759224
6500932
5783041
61951879
16659128
0466217
125630834
0932850
69977785
6046863
2398848
56987048
0275033
2492919
15487184
16407280
17386026
111117834
47130896
0788981
13673261
23656048
127785491
29556354
1312409
2475112
5557550
1109597
61745771
23757705
11290867
15298231
46485353
79271065
38452821
1898148
50939721
42111331
13089381
1501248
47823052
1667725
19516114
36479295
3043074
2198604
152525905
24182820
0766521
23127349
0276110
86413846
183807524
4952935
58690625
89233064
1670561
8132102
6839280
67964333
37444002
173349552
50949997
5182340
1403808
24953249
58559599
0582547
2293053
3447174
115486669
62292957
57984902
131359350
13688919
1362962
2613818
0782016
7338453
89136077
1522240
3550440
18788338
113520061
32761758
81705345
23108192
56594217
26309120
1020479
109124270
5072461
86182464
29988193
20700530
50000050
108701939
28546945
6587710
68357960
97161213
0040502
2023617
56563750
25217238
8529686
2625589
145677421
26576632
21143792
9139194
70000585
1290604
78624284
7806372
11229109
0554400
37404701
47915117
31591023
147487660
11150310
0562280
1759596
98776622
0148447
153964448
156872552
132371109
154498475
11615940
97683842
0439239
155715881
20938318
11341731
22165746
3387906
0191338
2184163
56572794
135491745
167684228
3020948
133905260
37051772
48828142
33882717
28470013
40165818
148559093
109283107
53391863
81355332
113398063
1854072
28037245
1060578
102402151
24765501
45430544
6089181
79298821
94438173
0347428
101218186
12962727
55106102
2020855
6446746
7311302
24870995
4504755
1221797
0578070
96839232
37982821
1834516
25723338
3473237
25006822
1323853
79604108
183228428
25288473
118309062
1808356
20552953
5513381
5881211
0406949
10134344
32138019
7273669
61622908
131075271
1084539
141489368
29704401
6738555
19117722
4477384
13841895
100380075
10219620
0856251
6446635
62857910
54959414
25929559
0302897
109198388
2517601
2925581
1959742
68448029
24001286
0172443
4293088
54307199
133303734
42496322
178687266
0108990
2362867
161093388
7471137
1154675
4650695
21302583
116768629
108113578
63152586
3651130
89628890
132907586
62363927
63827208
89174849
46473201
6428370
82754348
14233980
12541221
2803995
13173827
2432286
66112937
97495083
80059498
1424173
50643368
56666103
28289364
3335822
3518481
148555265
106757844
2040909
29634091
12402044
2527758
57606217
17251716
81029970
31301192
110512744
0781506
20099806
35314863
45959440
6914501
89240721
1561311
25767522
2070566
168555604
28853885
88099415
0112151
165900637
64617377
0988841
172067427
0478491
129336998
114753904
44536399
135020333
58930232
0055392
127849392
134128073
14346090
0366495
118445948
3034933
31546410
68408334
9301785
100876375
16833242
10584182
24436172
112943763
98553828
2642959
10945057
2089698
126838372
17280593
0521324
