15199062
0424875
9078795
130790220
67035506
0411500
117337499
108654716
55298814
11343903
0526865
2949390
13665645
2912529
27075905
24943524
8011758
0085696
133473391
72710622
119134548
7175971
0189837
22593014
30025075
66195928
64441008
29871011
20533477
104531786
98459614
3724407
16971527
0226998
24895076
5203549
3393335
63576760
141435732
3814607
0290901
5006232
2666204
2602168
35691352
1156855
1033709
24572890
23348041
25750937
85094355
8958080
2258664
4139152
129673274
5052750
19838824
23184495
34657869
2467957
63109475
36469032
0294077
3861837
163483965
25244021
14802088
186981991
0605857
64580333
1069428
1361690
153883935
12831056
132592969
2231311
20154322
2429297
11171933
1072547
8403016
22845250
139392527
42543154
0075014
4031057
58418467
5016505
41088301
148274342
29237015
26792362
58552260
112386938
1890601
1751016
22208246
13995440
24131668
1242081
0217546
142079343
157558180
16522183
23397402
57050372
0580254
2988429
25796268
22051743
6157330
0909941
188849462
130949452
44335282
83276100
1499164
7925128
0100525
28170632
1444497
2415932
124896537
130288460
19491737
79125911
128208633
5337261
23370785
59332273
53225253
43654843
2111194
0093184
10984460
183968955
7180284
111463723
17252885
150749021
36969889
119531707
8895125
48936400
6018664
2967010
1933844
1075066
24160329
6084909
65244132
28329167
0161004
97433905
79305907
30217806
13316268
0157101
113693169
2754040
70835860
32416018
89021587
134352258
0568384
123225443
83717176
3403383
19523165
14182020
0092248
22122306
52008445
41171190
48095013
34435688
11524481
98951578
24923306
105512284
21296834
148555921
0427654
14478304
20918779
129586284
23972291
68409339
77586437
0158426
0472158
34242996
34420972
1850303
0431558
93657247
62324240
24933339
9722729
12284877
0712501
113181352
1849426
148552321
10982241
1037946
3431829
60872836
10902357
145912201
26444889
75568928
31202071
130195767
65204864
115609345
28472124
0834003
1576546
13359384
1594470
73380986
0384452
29107311
1361694
37133414
141503927
106631260
6007433
0304945
84998878
89661682
14983650
132439710
11270090
0200083
24462403
0294361
38196613
100773844
9497950
0126566
44739822
47906865
23311764
11017632
32196709
0635827
10446884
19506236
2558862
22129083
