36315278
47199475
26270546
85617617
0757461
115950587
148562230
0824278
2658785
126174194
10303019
0963766
155169553
9024631
112546495
103540154
48367492
76742325
4949373
67551056
17029428
148668571
8214212
12731482
112653369
35507708
0969109
125696629
115069346
0286863
0909604
4771015
69091703
66200509
6327315
24910132
20029829
11960357
18339545
78947329
126193824
62702709
86564651
25140528
24470944
2727039
0480848
98386941
10569199
78900765
9818977
0723639
56380081
57323501
1898405
23510183
12458788
8827422
5243869
2341629
1064827
4189343
20864078
1634648
0607663
24933646
1420507
0623893
55344655
73254896
165932068
25033144
69239269
143197956
0046029
110957362
50654235
0114667
18488287
0124625
13548981
110866437
126723928
20758467
1928885
125102607
1496970
2378524
117993462
7933050
20258136
25592911
16274456
3970665
84585083
2187250
68636658
2169723
31791464
157899463
2305223
189679057
1596808
40515784
24057613
128560624
12571093
57424155
1194564
6391084
0357582
0932323
0811400
5334391
116850979
86468825
0914110
179415372
15657325
131719608
46510076
4656719
87920911
22757750
40349414
47293076
0088311
133378359
147334103
49815034
99828485
48405425
0080459
0536784
29450825
98741685
4494103
25151407
1720322
50001276
49931492
18755003
116233241
12513420
5907175
160400583
68024636
0378411
9424444
154842878
1267682
34749634
40872143
8067526
2093196
56040762
9361482
112656557
0220825
12909912
5668724
69602664
2493833
11814102
44989375
19852960
59296040
5801498
53128684
0508187
34360416
1615468
93793248
66286183
13258440
45849023
50506882
153065082
39839255
8208643
3491840
0342360
1500205
67309669
20413572
42121482
5807286
162159461
34330154
12548567
25358196
23557707
120939301
13966931
45612702
29333681
129384978
1208114
4605941
1764331
5788055
97114581
4857997
129463910
148556838
70456604
1776076
29319841
5194512
84238142
43116880
125173201
16210795
1358446
68457917
173319151
1660323
148296447
17829940
16287948
65923895
27516105
0896077
43330000
132806114
2451573
0574268
48161154
100098137
1822144
48611719
80712484
2122769
3603551
51026300
2108997
10266362
56384215
60101246
2418344
2638454
30483518
1223347
102986336
31827827
28911481
0965123
39915137
20302593
12202866
132093908
2852592
0270909
89597085
1834634
0165660
4759580
0519626
21342016
165317399
55831159
1876322
13362371
32656983
67325954
20911583
0993000
0668053
2210635
44529636
6662734
9627383
21369216
41413447
0713105
19667800
4304699
1219318
24622804
20271156
127582063
110784653
0348833
57999252
103674068
13134536
11726331
123571909
0530078
127360459
21051154
0884984
0328537
64622067
61920038
0129405
0178414
1478128
0007831
129033703
114892756
36757278
12957488
44024094
2096193
0394663
142888735
10581749
61168488
22557209
13591916
2939100
18732358
18390187
96200375
5292133
51106143
2747265
51527765
61638075
1210680
43903214
100388966
2512098
28897846
98886498
164656101
73566506
1963445
22582157
126708253
18968564
33671063
30855550
0564140
0121096
1389041
86661266
10512271
60512244
14217142
61678863
111552179
5437522
158777462
56852618
93870729
22931136
125836966
5354617
52369539
57281605
20096899
13932132
12584429
38066410
0507687
48460117
130110130
1372248
0077749
65838181
14628380
44122818
24691336
48163259
148554749
85908948
134449568
0343821
7809417
19349947
0151608
170755284
22739642
99624362
5261700
1679577
169057387
0949958
0392515
154310532
25026890
124679167
1425487
42980280
73723244
143295848
48151599
38490534
110076728
23318385
11858312
0048662
0358997
117357042
23639426
64735251
2423615
128652652
4414696
119830055
0979150
3666980
132921152
91538140
3655775
0377425
5154921
19466238
4150182
4628145
4641313
24331313
161202252
2512513
16605446
68135167
0313272
14272437
4223181
35284735
0321244
115056636
15375264
22655920
47608537
1551631
0082768
47275368
4751360
20044322
14354428
55191404
132168167
11314678
56865164
177103145
10373361
53514573
3841041
4526250
8976176
0444640
4231122
22751350
45702224
45179598
42373503
55535076
0328306
23222712
33107579
14463537
174378269
35145579
0479526
127357646
2142676
3039028
2340581
109386391
54757402
3392420
14155787
6113093
42226357
1881385
158040058
69554214
136516023
1658183
26081298
20664221
0312947
50559799
7245527
132987172
0106140
17557846
47669430
115760907
48030148
1019294
80322558
22339698
23858655
100260205
1036180
100334588
17430042
11478684
57261006
0182103
110858253
8564485
61536299
89600301
56863773
104635408
0724848
19930592
98914864
114211737
50423513
40401949
3573608
3703068
33189989
148563975
35151746
0244551
17914686
13562853
4827095
24656127
21113658
171381505
150272282
0339566
21014636
95376333
65967252
38666021
41465860
2752646
4939729
3424173
40251300
88501398
0157227
22326991
22999317
58656675
0355576
14646967
54078379
51551804
21908582
1628125
14769874
57859024
0552119
19536839
27781791
3017640
13017849
73078899
80578157
126588749
53358860
64530276
7569127
2009890
26553999
67302751
0865972
13888529
1295903
10994311
1643614
21397186
21118998
1936842
64793768
1566944
9736122
4905729
11134476
12795920
65116108
0165871
18765703
3562170
5881689
1866891
6902079
116396376
128695459
21320157
0866712
28183897
10849111
158856825
133080991
19189262
0407322
0316563
44598738
4728420
2719706
6098426
7588065
9728032
24581817
39438202
179727287
2456698
1896032
0759055
21340761
42741064
2449606
19233437
73735671
17129003
0174328
37544133
44787786
3236569
19615265
3200762
28865587
0679950
2167075
72906395
118208512
34627686
4647312
4512523
55843750
46893530
2061715
21011637
20822689
4437253
30260589
4478810
10251738
60356923
51004635
6297734
183172171
49654790
0905261
22008378
20035664
1063551
11134906
22688359
0569048
9633659
0186244
118826563
23385974
24475398
3626879
26097540
3803528
50721798
139039730
10233874
98638364
0843367
1733400
128588573
63779548
77766369
160011540
83125835
2420383
61421916
94768872
4988586
0642296
23643114
67653713
0341070
44547783
1838762
7129310
4952639
56263345
0405080
21088777
0334724
14304482
23760057
2069999
131272087
23466126
34709744
20375868
0219073
22119810
65727110
42865376
19475475
1937162
27565556
55570867
90698730
102312327
0157415
23835858
18051201
12012200
35500511
22248179
178852444
20380469
18483081
0153353
18941210
46768703
0203175
12921366
1603953
9034243
135081850
1637039
0425304
4242004
47369392
1746176
13831714
0823690
129973173
97776443
67526845
62513246
55979594
86490914
45316386
15755822
19250662
79796304
5451960
63817763
22245639
152937423
16437013
0512741
93397007
22696512
15284416
55183730
1806537
137555875
0744115
9446903
21198399
38760049
64404783
28737388
1894715
3228321
3638742
35699929
0999232
97752606
8352585
73214841
2467875
9163431
26568132
70023850
19493103
22131506
25492711
89324573
11677779
2033059
1335427
0805816
56666078
12348090
3148317
136641705
52258812
135616941
4216654
8520318
0165974
91245816
24431245
63945615
0506635
53011230
2511665
6086576
189722492
2238222
0745999
30100507
53834858
163038090
30028597
88432693
33176531
101920871
0103141
12574759
90873881
107383793
89225840
3666644
111915048
18090386
2346146
60622680
9838585
14293631
106269069
85945251
53785974
59869982
0443180
0819028
1778664
1261777
151820080
21941782
18400278
0243562
43138433
112671716
39455220
49350435
6828563
11986731
3537339
21017469
2123113
22210541
2876295
1052594
19666905
42651976
124754868
26242205
1871843
53053227
6989420
35933730
22201610
73831072
22164083
0124101
0403316
72845607
109397257
2289601
2197768
0026026
42987561
114016942
4055705
2161057
57699291
2642098
6417367
1424297
41550127
2494535
0298420
0918424
4070016
145335445
53099236
57575174
27328157
2805406
0108661
7833958
24951456
0423255
0401171
1719875
98288992
114695882
99610306
9403696
19603447
101097722
140712649
23003350
116826141
15238289
2746940
91529083
60264021
24387423
2187365
7349725
22707731
100060582
4061961
15180922
107054356
1488237
0094097
5037441
55739909
67570985
11623282
120776035
2652181
1156754
44546721
44350900
16963248
15077934
33836825
78774063
0472808
130823293
7443512
6745438
152070046
0825690
24323504
2698257
20636157
133219615
64564315
67334856
2370681
55636554
0802148
53041738
44607400
23671733
3400939
112388793
84483866
0990900
1356456
178945400
0731132
3585965
123360087
69307677
54543410
89271493
23183327
97994668
52134870
5659157
0284631
0384304
0271294
0295481
32646373
0115335
0343964
87280179
12108337
6354096
15204269
20916353
64187327
45063526
54047071
71825734
58135055
21962721
20605889
26671246
1326156
4411248
11750202
14469686
3178300
1213666
29755683
126192494
131736235
135287933
32257853
5154988
5598450
118691367
1423963
46723579
41881073
98200296
79565645
130913556
27935402
49990351
61845572
80615611
25784778
42701159
1062871
53565748
54820529
19740992
69379480
2555916
0647835
15780401
128043706
55771071
1264803
140690946
68882679
7361794
73983570
