17644551
15905305
66862952
59616762
75365103
65033585
0379221
148555828
1565914
14454379
1375454
113782948
16051734
57637121
67718382
25304405
12918828
108024878
17527919
11056865
1268279
71885479
0285769
3385767
22851776
8271923
22691605
13606356
38024770
25559129
87777106
8951170
0994979
86439560
14477596
0367276
53634922
133001731
42177533
20253182
21699063
58821719
19778396
88937653
84202621
0006823
22415315
21419464
144572035
132481071
5253912
2244396
0613338
2381792
23476123
20462539
37702956
0899477
132408608
83118646
62933021
37247187
5124909
128703307
24632824
33319474
0244045
108199775
13241241
27829350
5176902
66512533
24051683
0287722
55436726
0147851
1435235
98128893
0232817
44040936
62637797
28790874
25085525
47102620
0375582
55343016
129551863
3843342
123364108
15526017
3268128
10104268
1356098
7154333
0674657
30126855
1148645
7013118
17022431
5919354
4813884
28289975
28861458
2618381
0136103
56224928
30260917
15494987
103915826
149675499
28177898
26428087
1850831
5184986
151682586
4539800
94733993
61411066
150803230
19833986
1836447
42795062
0218391
103404621
0416287
0404944
9557223
17151791
125446574
28038360
149468361
1021064
64522785
11228676
24845611
15993907
7752337
2015906
45847833
3232970
0352401
109598973
101009068
1305534
61045182
17663250
165448247
4178820
0481862
19811822
131773697
116472584
0661418
1724358
47582942
16931738
4057590
52377124
31387947
0456282
21962773
17710425
0489595
26674112
64388386
126447954
0620879
4106628
2650507
1592309
188064744
0504412
39349132
3438321
122398607
59140915
15829255
23739003
66032272
24505515
166704832
181219266
6726566
61550618
2726609
89855751
0246231
16490972
52294968
23895080
24280494
64962461
1675537
75422664
1563770
1270838
134295677
9122013
30892921
22103801
29060705
26247692
40924115
60866846
150324681
20695744
9533068
174170582
19557275
1347652
148027837
0897894
26377147
24150228
18518081
14836978
177330553
21131190
72479861
2440573
75155851
3127755
19386443
18549120
4325564
38675714
1532831
129734279
1399966
24244075
1923590
2677422
97727846
16708962
1934734
3321264
181903249
1162983
23749086
17537476
122784549
16941646
149414325
8582848
33431984
5691625
2510120
1254600
114192355
1080388
4386166
13561982
55876890
66482914
0223563
49245655
84501896
0137543
0060847
141379980
81464785
35836753
3616495
20766679
80036469
3837523
68284563
44903500
72122593
79409169
102119867
24127182
0588121
162898743
3323946
1679475
3606131
36862023
0059434
2604683
1997252
133388802
25880278
0666767
64412101
102251846
25578172
0561239
37304865
1774507
19695200
49934204
109245788
13629432
141810119
127634818
13841246
15083049
65822044
6424568
17434169
8712105
63250073
82208284
1492191
10260355
2451639
39292688
14595779
24860314
40229642
3374301
62373589
0203513
47315748
173215437
0575794
23405574
157302181
21694768
135534194
24051960
26079953
44336232
124047158
1461116
186824586
29628787
24767670
118479053
3420000
61857743
17735903
19417447
35717759
26007986
46913282
49494754
134277323
29385135
120946709
0845413
8395218
97832655
77862370
31267640
1580268
26141773
1715015
15428049
30931199
0873417
60988267
28270210
15480455
55973456
9190288
22287525
45575603
113933257
18990865
39053870
56094548
1311039
2265422
1235078
5120278
28319029
11793543
4586971
41388017
109888116
0010319
16870967
18565258
78642786
22820540
37785882
0312434
43598318
61124370
0079727
1629430
74931296
0719892
2618393
43802604
0257787
2175667
109639879
24508894
0450831
24624557
30724381
55363736
27742873
59951043
26507557
80927451
2302171
2418732
0726137
27243219
4044559
0209446
40148074
112756692
128850231
44149104
23138296
1288890
2430685
47042181
43972375
0189126
1119007
5133948
87272690
44327377
32842102
2368825
19349832
4129208
0513439
3645377
18917333
26525865
23649837
0375286
127119800
57033572
1035875
35647010
28330342
1281387
0009235
8985900
93179629
24840245
154991398
108509694
55597043
56708603
14903716
19869271
3395593
108134075
0472689
66198491
64722682
19334814
160550873
156039125
38711333
31144689
128334728
50933989
19678827
1391911
30814246
10954724
2931909
17351251
43383783
56472484
0327000
79567142
1093671
98276307
123587407
1974350
25008247
46265359
116170358
89527517
66354585
1906767
0899922
53344890
133484311
0814065
0632895
22611655
18991098
62431316
7583105
20216762
49624839
0684239
24823221
63139755
140111320
4181077
3811523
1701931
0140921
5619884
15558794
11074883
32608361
1120030
102072508
0153311
63900725
2111863
98435364
2920596
67617291
4823172
33208186
20241232
0110725
66699613
7383883
74109542
25829274
26793534
4784760
100554677
10444845
39157188
54260967
2099247
1688695
1303689
0218735
0984863
0231402
59419010
2604567
10664082
22995795
0065766
0149721
8981719
0805784
3835197
2376537
4013847
19742458
26395909
51402181
6903845
1809154
0443294
148531433
19559728
134123909
0806025
15825221
116439604
1483053
18192490
2169384
12907501
9042067
38486673
64364136
44711306
21613453
19555083
7622406
136087197
34031796
2745501
18905202
1862152
0982931
14629132
48973212
18145949
5231034
1066346
11569933
0957561
0093893
70961650
32100846
20794375
0035517
0438052
14080464
31064494
21256196
110738166
1339206
1657744
16126151
9074057
25174961
52345435
7749055
134378849
125845409
6115995
28053190
7983175
19508045
17536064
81517467
132099929
64913032
44385077
133802913
26174475
85792579
67603849
17305065
38361663
4997726
1629242
58648115
2369414
0894083
0928978
123934290
24414112
22348132
22104664
0552455
17473511
13697034
57705345
2643904
3640094
20660927
4125122
83950629
78386649
3209595
5016812
47510837
138824534
131665459
115637905
87034146
20175666
1810903
131711286
27401714
41417977
19142428
100067681
17878360
58945063
0089619
0403796
37461074
2029827
13831774
74312788
0908832
4322736
59481064
4166723
45589786
18669088
12462195
96684916
49685138
73438177
167917895
60371932
68476746
89143040
69195861
53994044
157896304
46046061
105940164
101630913
22582914
100026815
0770982
6314506
4536518
86189488
16731144
0422336
82574739
148586703
132623167
4622770
98454237
69237055
86498860
3028179
10017506
17434263
10437230
44008889
23706323
6504288
18835593
3978377
1630682
4958745
61028000
89856276
111684547
120947285
91457805
57725974
26092140
128013778
5087897
96423922
39315693
16231625
25881565
3045161
0558800
24320543
9847270
0530667
0842723
8044074
0090163
3365365
132601166
29097056
32965540
117352954
159375088
35342715
1839938
3892859
14071239
36490854
86181954
1083287
44545683
5151811
10225753
20866367
43309730
1572068
2633084
14481894
49254064
2837841
20225026
0231752
4759865
15907046
25283424
102956826
2568647
169007479
188580564
46288722
9255623
165180708
73394061
4091069
98213682
75179656
24565346
144574199
2066984
13472729
3683772
110804304
22297715
0412542
117641115
137753838
0205794
0308904
11066287
10617075
43613321
32447439
8822667
174224508
9919264
40191035
15956348
43835465
40958773
2946845
24756236
32130252
35148446
63615130
15182660
54223471
23586968
46072948
1802118
93153540
4158767
0235310
2621451
7102128
0167043
110484424
1292932
4341865
11381328
152424400
0442119
4017271
67740529
66204782
26366285
97740386
34023347
36877841
2905650
88714854
21205864
151440245
42345868
64605735
58758344
6664162
90060870
27716845
59811547
110748171
2029855
8893145
2100267
40509850
39357985
2148532
0110881
46426744
137460956
1664072
2420636
15897168
17732737
0072153
1289951
0228468
87877024
9495534
59187676
12564187
27295907
1297894
0155224
21328233
1685350
56906229
19253824
23146813
47114518
5254510
0308759
16400180
79144970
0384847
74360833
3302531
3036085
24045003
82688996
53372753
43176702
29496097
28575941
0315129
0590111
1838483
184579760
5017300
17112668
15968236
16870820
12447809
23023465
1961454
12006009
93819603
8131454
1286017
5343625
69707122
23598257
1040947
64395442
0650191
21325423
62292736
30737557
19809615
57284019
2934141
135371242
49426614
59801705
45025873
24929247
118605705
12804640
13886164
68129834
0362919
60685035
1488654
4053380
28107910
124655332
55901492
1112979
25447573
1864966
11389651
0274689
158634932
30195321
0060797
30403312
16730085
1525596
0218529
1698061
11732355
1471976
35015735
29312007
130122022
128514581
17262443
10571055
22568777
84393129
5370503
22185667
1607778
107236398
62090048
0532730
118144118
7893292
17610344
38408277
3620070
0234381
13990476
1057133
0495495
1037761
119937059
9290266
161513571
133754634
1187233
29868358
152012604
15461509
186716224
1206876
6831211
148566105
21952211
3665705
0240898
0124832
1383565
15110667
53800614
3832578
1844667
35175508
4790293
117259877
16202245
1374657
16731957
4277593
0494482
2425002
132388913
10315856
50074619
94720833
107514231
25012038
46581731
7370672
10705430
68616283
19738359
0368787
6427065
50101094
1989721
43608074
23671418
50203191
103479334
10309800
25898836
4842804
28626654
4017472
