20253262
35969970
9531850
1461385
72282405
22448118
30013038
37426916
53611239
65621960
3721902
32370124
14122565
0983666
168038930
44457972
27678325
39269110
153226697
20946903
1540061
143032937
156722788
47513569
2590695
1505785
2881951
131993380
1823436
30525874
149243813
8459130
63014494
0996058
4422440
70854392
9697685
74677468
1199169
0367663
10567126
2493197
0191684
5050399
33674858
52821215
28009934
6379305
1916023
70087605
27569030
1963594
2586411
153998284
35360172
27667280
10778750
3520855
48436442
87536020
23907459
48347341
69653175
1739647
0325788
0962281
18772536
27573547
45000317
1915532
1329631
13500423
5505762
151974602
10986404
68436090
1643821
20502134
53630647
21139172
1634278
131351814
40394977
53229146
40031520
2131676
18180101
3508051
34417192
47302452
3483273
6550822
67503329
1173290
13161889
3981174
44794300
21189847
0812029
82481998
49054102
12686592
6201371
52548858
2170946
3109921
44249153
7764953
65747982
28499761
2680312
61949234
87259252
32959049
2766732
105052759
32385938
28236017
101320015
0379058
49417836
125287028
68929107
148080752
77735365
27139063
60969915
24331192
29781379
3891841
6100568
3105691
0527304
2043477
3660061
57467305
31971847
13918888
25388720
42611642
113906262
2557118
129666638
2698253
66159845
33184062
0309985
103015931
1835584
4133887
108208068
131814869
96113694
18559590
93926042
47769772
22068304
149636945
50889479
0713674
1646314
31673835
16362253
2071193
70978898
1473482
51843429
24197930
32525775
7779901
14468772
37580265
1254297
48960451
7231978
31731642
14019293
118947730
1483205
0410839
150520189
15456359
3088116
119639604
53065578
34343315
1154794
13626679
17680060
1049449
96946645
38063366
130058170
3894886
2859943
2129903
70356710
26863299
17739075
19536006
61219697
1024001
58641380
51080441
4701873
1706625
152654595
2860938
0603904
123303737
1256739
96299373
39100810
1461672
0481861
21365439
68949569
110667173
114378890
79351505
17270158
27789749
2065643
5368643
47809874
53882641
13887584
106700577
99191824
7970884
1541608
16430504
24681233
47018979
101166655
163063496
20489933
0629755
11507412
100436771
1023964
59681297
29264994
84618711
26321452
62996664
3931893
91544219
6963998
14490070
2655451
11665751
61096584
55957865
5860359
45641752
124118682
14457520
6084102
7602045
138236152
21886347
17882353
0969700
50795826
6250251
14211825
165423917
4308812
32634875
155144580
61853550
0918487
116129691
22714990
2117508
39472049
71491728
3579894
19059122
3528835
20383857
9700710
0979850
8272173
0486368
112410143
146623640
18577026
2754842
0375802
8931249
0838139
4984373
1842493
3562947
1065795
149335106
23249778
124598287
0262019
128161285
0077655
2230899
20067704
15953713
0690768
28320071
40050393
79700823
31628691
5452667
160132690
109132806
101465326
11817785
2303003
1365686
13973577
30510937
55813008
1987033
1104402
65760517
39436268
29925508
23318613
35899800
27904181
9752640
23654692
114618052
69870228
49977026
109940970
6619100
118801215
36476332
26776899
112039801
26747480
50142021
99615130
14562476
92796328
63857832
2210873
130549795
9135933
21833437
55674940
57050618
8901531
27868635
119267218
50757171
11215744
3102841
4298568
0913359
14564989
5156766
47863960
23783721
21994496
1458551
14427636
18966263
0293609
39840526
0196103
72628029
28191504
14874439
71971831
78542081
0023083
50914931
19605620
3041912
1546602
27310958
1858406
0121347
22571004
0793100
21024866
5542373
64605741
11311890
30428050
11394725
20366879
13357482
126246063
159781242
98869212
40618128
161296932
2921768
23302815
123745920
120560333
129838368
50313389
0121053
5095366
114862474
172386938
40325872
23166196
24692469
4272575
34545891
0130949
26613273
13363198
4479624
29749292
157972240
156907398
0326854
3178435
147671122
1729342
24352155
23526013
23041518
10485758
35803353
108070479
29973912
112575197
12660864
9672718
0083326
2818486
16657919
4207377
40599785
15479933
55076072
1635252
19485933
66108686
21020733
38358426
6727528
53780031
56597657
27311305
46707342
24869706
162875170
128834192
101903264
125678514
4539576
135731085
18144978
0911912
4288803
1435859
20540041
11790155
69289102
36779099
3822673
0575841
24774768
18437585
128653042
45144398
135446003
115699273
124168864
129386841
4350734
80134790
29291722
149710069
97857984
9489147
20199457
4815056
105409912
25364174
2544934
171765500
58130350
36816610
1818987
25602444
161296855
1216634
1993102
108120127
8277792
1062802
103326779
10148957
109440028
13798392
4168910
56908967
13661893
9825220
76411291
44693592
50357813
4433454
4307326
26114246
182032675
8803849
169425984
52181174
29483904
9213412
0344145
37475855
168482194
0885866
0576794
66300368
45122383
33862896
13049290
148559190
42568659
3285365
0603491
23287177
1828245
2940179
86934003
171111177
163783358
3111556
4658300
42391145
4058025
0355150
25087571
0093896
78588217
120457637
30812911
26110503
1054305
19733444
0816561
9049672
79521310
10812373
68902287
140245918
122873782
150414589
18726467
96743324
0183372
117024495
16877014
1596502
5115203
12866969
10774103
14204266
153611587
10813711
84898737
118418421
103303049
16508758
2269385
1540463
44642398
3861229
45597090
1265966
98554847
1138516
0987048
133261463
132815641
12481935
0415703
37045564
107496290
3746959
11387328
14003708
10283457
148561878
0005115
18763569
6142567
11661255
19724867
4126838
154206974
0779257
1657456
0375841
2744563
23577930
67611209
6625713
97868693
64607866
5026973
53711211
63621735
1899767
0592406
111135736
1222800
16347286
2863726
67530528
57143486
1047601
0721862
9169261
103537953
141062945
23514233
11183733
169689084
1408370
0089759
139532493
24377977
30242967
135901470
3001447
1336223
99087413
58889200
21063685
14415072
26335957
0743998
26416048
0466841
0252018
22977394
23883533
45144178
1158826
7562470
3179816
21921814
132859487
101045762
110413186
97266945
23623392
23831210
3778464
0554705
166788104
55782634
1229491
0302521
7437145
0724668
84014365
3095930
0416065
115882544
68366922
19656188
32240823
42610869
0900530
64585874
132989545
0641927
80389984
109116732
126993286
26518753
109673700
2690428
16337955
2295158
0366538
21761444
0591453
107545045
21293231
1745143
78285009
152707735
3311726
0129040
18093778
23182048
168166535
146444029
0844089
5659900
23220450
11066947
29771503
13076570
22553412
18352145
27737391
2379512
91440178
30057546
0884302
2350233
53578509
95571441
124713828
38631086
9970514
119023009
8871983
1583794
135520846
35924455
77543667
1764393
1157159
123358831
0953133
0144911
20427519
4776542
29585794
13512578
96075159
4173010
12682461
2956806
38065403
5448047
3250739
67053346
150542434
59219310
56581438
159646239
0149657
25076948
2121650
34387161
64690191
6321000
25082239
17352687
14706444
13843192
0398461
0405644
10850449
112156166
5807828
162664971
185920811
38005042
70559850
19978409
17462903
60965299
9921100
0746979
0940723
8552201
123395080
108171037
13444594
190008358
5248557
85765806
2650418
43253475
12943792
9933933
48864227
66532423
1689623
5402746
0794955
124387024
4459814
12175260
22879809
3767930
65493013
33953863
1323308
11946203
147662099
20102076
42188472
125208996
21370970
4311114
1018391
0622275
1546574
70989073
26464636
67080942
1214922
6544278
0642608
42355132
1367025
146329899
5874410
10252570
1471727
0482520
83619770
2415070
0693953
34384655
35383551
123019733
2498915
100795294
108777267
78278838
104953568
0008691
81134175
8725655
2057106
118557822
5279336
90818329
75340535
5047464
152211574
3589282
102892318
109333555
56906474
3397538
133452264
56094229
3722041
51835961
5142907
26989441
0550135
50749679
90700633
53655980
6124270
17769854
81711095
0539167
6836530
66046726
21951395
70364439
42348639
57876169
6044957
129571505
5180523
39850914
30174014
2744015
13768235
14709631
24682450
20324764
21846078
1196004
1883059
105906484
35386779
19960279
68409297
0933118
110561177
11040152
84360936
83766176
27913735
0035388
48928410
53814270
11250046
57421774
1405038
27525172
85237642
100003375
31856790
22762138
58686462
25319959
22513682
67714882
2093860
26523244
3172014
93644654
1410190
29767112
68137830
65117826
24102802
43919890
41432139
1572016
69193363
53772880
133074446
19892892
0184843
56187634
132660876
53346392
29043092
16512610
2029853
71938548
21937836
0131901
1900543
92939468
105817308
45593195
115572916
70508016
78994589
1315870
147075853
2319752
15052081
17879959
1354919
7480826
20540239
23976259
97541255
108788984
20479007
36303201
24520895
24464927
54122112
0453497
2138237
2017327
20738036
38394753
6627241
106473923
24610240
89855707
0970609
8805376
55097075
0664730
1431700
65402363
18051606
21846560
0168517
1876658
34374632
60376237
74464855
67775191
55388872
2156819
0740195
16689200
167326890
1051564
140637129
41764833
86455392
122536718
104127698
111886701
135247429
20147335
36276198
0105073
26393212
2608776
43724205
20999384
1539790
34903887
25712815
16972539
