1112316
95462784
13147212
82486976
1988283
0050039
1100021
0474728
3176155
148838895
0011834
4668197
1855434
61696400
28078853
1850121
0372474
48146754
151355902
24383408
0182733
1692857
19395350
2381584
4586637
62904060
9137542
0433016
0616295
0525757
104547340
104179593
1653550
24250305
30912385
102182238
70799256
139302644
4775194
82905777
44674539
59662474
11299569
118289819
2019075
0747081
28685017
67659276
0783208
40160351
164880642
53800134
57661743
117635500
3862807
144435251
1859353
116113401
3188747
0237208
69878054
26298209
84208263
128794129
12740161
0039145
20461118
22998121
147453236
2490513
114660815
43218472
46198475
5282442
22983267
67545096
3876599
53138507
65553990
9975525
44222384
1031344
18418267
111633897
2391789
0364623
27237330
32941074
45931408
5403688
10485524
60215872
16654714
0652643
116816451
37171542
19707400
9347033
13480312
0620673
4308107
19575847
27852781
0831164
104002646
22653353
2692614
5300137
38294684
11107679
54207336
57731605
61996544
1301197
29350482
1289540
103505082
50406624
0472324
2038501
20452940
99481211
134018282
128442912
13379733
21385888
61109137
45640209
13471683
50934363
0016329
1062204
104675485
1296663
64098909
60836492
1855493
5821911
92395566
112054425
3731311
7557528
31646276
17553545
19227097
0730672
121067744
19218334
1774078
21671556
11059098
1138425
37540405
0791177
29260844
7914138
45275039
131152133
8267702
78771970
6943832
1169289
19881057
5897358
62339737
1794626
20081026
98148138
37068902
24168917
0196721
9374441
22919111
4246139
21181876
0722231
3555799
20197320
0144789
26688928
6925958
68929564
134096376
2931008
3460164
46625316
1259455
2122638
1567421
61125346
32962475
10504188
0700382
160519740
24998894
78650467
0441677
1007769
42288500
9710810
71974919
44000348
23854039
2636595
35627105
15689355
0689103
0365193
26498516
173313573
63817467
117139792
1094316
0389175
33527090
18413468
0843593
12245949
55389573
113686869
96377256
5446057
123935311
151603273
3834718
15358112
27330263
7412477
3031796
0291214
107229670
43230011
0397694
10300143
1607570
65618239
3586140
24590564
123935337
127377374
51105268
26645291
3418760
90398879
74832005
148113298
7688004
1379518
32473021
15376680
156625591
24438846
67032729
0171983
0403462
0805800
132671886
52155227
4389032
39899529
50156911
118151512
133997430
169425600
105490156
136256068
1194061
56672523
60488663
4063895
31191341
55001429
2760033
9492268
1305207
12087534
3624067
6808259
1332263
3785259
48834556
82496115
8349055
18620614
5092488
1234818
1588445
26315465
18028011
19739314
0860559
1148212
57160629
19484448
16666676
49658413
62855175
34828050
13207008
85075295
0356982
51729472
2792854
163547777
23618880
2960586
10885790
14437574
105307261
23865366
53560832
2427122
7388273
0434015
1407436
1231889
104363276
124491364
4174655
31942427
14530889
18161148
17808727
49375140
58986246
116575832
26610769
70176090
75684426
12119165
3480008
110854573
87802306
50874959
6080728
38246307
45558632
2579656
0258552
70002042
2786974
2328175
14156619
47895064
8539155
8890024
34784559
1561980
55716722
62008128
125735159
33771959
1335903
24907141
0465417
4465293
3186268
1992439
99233806
19924615
41390506
1724046
34890345
18254556
24525391
1227442
52992625
75129028
2244338
4975972
56025305
7371687
45145962
35567902
111092901
27343685
0882338
66882030
24559079
2978599
2621145
19533505
0030753
9162498
3906860
69594825
38747324
34793112
1553255
37743955
123863484
3429591
151341194
68656177
96868017
2000463
22369230
49748942
73734826
69515634
68797888
27310121
9770171
1713109
114870857
23506352
15699382
2348497
4479246
18032116
0446202
21391097
0483794
0632992
21855248
80168172
0226883
26064195
5052414
42803337
103907623
0745750
96101200
169610870
2968315
112908836
6446526
130729929
134029266
12967640
60625409
2354326
76240957
2591730
3957504
7863575
68956777
1029022
37880355
7692311
69185830
1274235
18829545
4312334
58758696
3487897
1946874
70511267
0213503
47293347
0376734
63008690
0710228
46285440
11599816
119383242
40897078
7934734
44643916
56232589
116756773
0343295
0663954
38254899
6038258
83629134
17911243
39806863
28049824
59714187
10715049
45724049
42068775
7141827
9942536
8979237
128840935
5848013
19490833
1256650
8285846
28838823
1776197
18311518
9441370
91757408
0383463
61880087
126297403
21319675
2385203
0518520
4613720
36107372
86330112
2054447
20085038
30359419
12421785
55013473
0354434
154663562
8917590
29520872
1818983
22490247
24888851
21112212
24777428
1403382
10242218
6648711
62077301
135635010
28117327
82742221
1236855
45910254
163406251
119772139
71398415
2626288
12258070
10773674
27755759
2876488
33213643
3570354
97338744
1560940
24569361
16987382
10251315
31666360
51229129
2119181
23463676
8150093
7728726
112726623
2089568
0079623
6149429
0473485
1710534
1964181
30696267
23552344
22963550
75749856
1752294
21678864
138995945
116920585
69267973
13517457
6845842
1703553
63070724
153721633
40093618
13106868
162560208
29772277
39771191
1200154
45734088
115290301
7257752
1433201
155928311
47566915
0650697
0015205
16772489
108321422
7660322
62009396
32059196
17256563
13131334
64714450
78560031
1927542
0639464
45679266
78828338
0071329
16795680
20335935
89221655
2852670
0836523
5154888
78394155
1682599
24167467
5712326
1611141
32600326
1341712
3786842
1638694
57454631
0127837
7541416
0802924
35956938
2587746
80532052
55664898
1244332
7300465
1419991
1691219
0720690
135329482
16628707
19266146
27057117
4537424
66911245
2937863
9392528
1582223
9955029
13689477
47415298
0142962
104627492
13397814
126241949
43691053
15132678
28381563
18283543
35043799
36494160
70349088
133382850
7153841
2335574
36465956
4124063
4821450
106334224
0502505
107430197
134622017
0291904
0483657
30144820
67295015
25438234
2845064
81470472
7101803
99874348
13562285
112777056
0767434
1833950
167699966
28312901
23578923
1454712
0589218
0116784
130180314
0119516
53996619
0786410
0107412
53255220
26141639
65494003
0294439
13711548
0063711
1976688
2598292
16941020
11791953
0041148
11989064
44841408
60699072
97461230
117295506
115242130
162473689
108265080
36977214
0715302
8925462
68014563
0171476
174994094
1362315
1702452
12114282
67902729
30317822
113868737
8982417
6777778
180805537
0638339
7001493
119552354
103929239
94538382
83388055
52912074
14048918
46638175
172994499
3427267
50560547
3396821
56552006
91840114
36051373
14548367
169724389
1151824
14901413
1419266
1471145
1127981
107584163
2388162
7947639
1416076
2921116
0784608
18412750
68364961
3013458
166020707
135481745
10720050
129260910
81277999
1277143
146350465
0974203
17130370
18909823
2375141
164203809
1086505
1187851
8785244
38269051
8131112
0041472
18255127
26028179
48327119
4377460
2692944
5961602
3124613
42593365
47223945
119190501
162787586
3855947
28920222
0170429
7863483
87184168
1133946
20117849
26105881
4237066
139295421
17952021
61461261
124752545
3743632
0501752
4854982
34614468
2185775
1278892
1976060
31233566
0157736
19853257
23811365
1180771
86799797
10853059
3430950
57868950
0367239
21197142
103866580
5082875
45094281
0608295
24532475
107993459
57418215
1302098
32955467
1234155
21847497
1300326
73029455
40390297
28809397
0200438
52591807
22874331
2606939
4459125
11169655
9152963
42629084
107884878
63292218
0298435
112757045
22164449
97516291
107079675
7854683
1173088
27277746
1748889
87760265
10351741
16800390
93868191
68061456
2188075
23209379
9685521
43093791
154085399
4634693
4072285
148159606
146883008
1808661
135291862
38217933
157047184
0778405
11954814
162043320
0922884
23528309
2310721
88396006
5704354
27043363
28773311
43064231
0078412
89564776
81537695
22668668
68691464
71411683
37148423
8644014
189721169
134651962
0633696
155382945
55010311
24855025
0876089
8519311
8650578
6831040
106512808
73737823
43978498
131677025
98561463
74214054
36563149
66549911
43590186
1894279
24389241
0568890
151681850
99569553
18993220
5101685
63638337
23638843
4471368
48562694
22929379
133866010
42434219
0466919
66541531
0947082
61583761
119278286
0765720
15834221
0379230
56461547
47006221
8887122
118486406
49619139
33660317
68547306
1984898
4473013
4532944
65686241
8634432
12770295
1581757
64981856
14794181
1670490
1306133
151195531
26417819
10195803
3569066
126199759
49730494
15071700
99862305
103407731
56692525
5891207
0609653
16135688
8865609
120454318
23665434
81167643
39485106
135316391
20969904
113861667
7022187
131747285
15462771
0761780
45623928
1760451
9309428
1899487
42606034
41464403
67354978
3926455
134894203
2155085
2755699
3930315
25704800
149617270
2693908
13103246
88275456
61167695
13456366
3385804
1744428
47801666
115268766
42971266
4977969
43208508
112714380
3027109
11648328
8761917
1205444
55307492
5844729
149775832
5109926
68287769
65545436
66217985
90865552
34344132
6266126
96426637
2649069
19570580
60470813
4068472
