28942191
19736200
5395373
111755417
1919955
0157360
31533654
5001722
1400116
20874875
29745718
27000239
29617321
22671403
3745627
15354566
80531773
0183304
148347457
46717069
49368354
36181843
8235025
0361746
46167213
143393377
54949696
25341593
78488198
22113402
6244471
0284597
113550321
1532617
17069141
19275800
31733060
1380524
0830764
22969902
0853866
13420033
3167410
75193729
118332752
0651472
57799783
135723515
69104788
15467248
119401758
43011092
22785475
7190806
0469422
36284954
61537126
62316913
5594441
26267794
4084899
17642319
3749080
19281585
5565472
21858052
12732415
1474012
2258980
1146895
2455853
29737283
18332538
0421811
5320404
23628292
15686137
155724331
14479374
61027668
154281056
20480586
27468059
81531621
13047739
37612617
55294259
37093719
0638374
78081444
2765894
105526033
0518756
8935237
19813205
11534019
57837010
59375033
164951739
87988973
1358342
75886030
46979480
43202091
64212521
126848657
0714805
68045216
3202042
0824229
16126010
186824477
59282600
0275788
0856519
5223663
28261019
2138534
87154164
14320090
73147404
50647524
131821017
40638207
1855410
123203128
88106981
105851966
56332585
63861935
1237862
6978072
10453043
60149752
11548495
0222223
25115640
96176726
106523834
0597784
11783229
102635398
125833794
102034438
42430874
122995995
80429123
1462885
4489396
30912813
176311553
31098854
49397767
70972435
6443029
2376048
0218220
46838387
1038217
3619331
53494097
19180472
84042514
0476637
21354791
5876717
1914744
1544910
0088706
63193389
3900348
0095573
29825622
2409047
1291209
0172268
0176302
113728531
1834742
3394594
116970440
113900429
0363649
85449506
127392630
2223166
35910444
0802845
51984782
5142628
5088270
87783415
42521491
148333056
2973329
0302115
48939128
50755294
127138641
114801721
24201871
0109504
1770927
57690292
1496338
13112100
131536417
158835505
11380434
147322411
3079056
32155632
37651181
0791360
102331442
0565774
0203497
5421424
3107240
105417866
0238460
0972226
56462542
10345096
20252077
0292210
1649140
14280723
148667710
132192095
54826013
24862799
153004473
19643323
87622380
31409979
10604832
148676062
0661187
24901940
2436540
14092320
92432924
1611883
102792249
108475264
55488735
4445810
2222990
42650918
2576447
74996607
22633346
0349008
97097696
1129899
2145280
8622485
126499461
1285903
89822510
48473850
13815300
135803641
107582050
0898153
0430427
22360269
139751952
87874178
0159644
1541026
108918325
1998538
23873178
32714677
7940429
122234272
82699056
11302580
4798063
89312043
45487515
8287908
28222349
8628803
0350557
16864479
59928367
46670241
0698796
45433481
116275711
0423030
135289079
62659501
109162283
84472969
0545954
56495798
0461513
1857842
8541134
27341712
6188051
2614865
0918648
1935105
35289658
69515765
133855266
167966145
158555084
33476544
164594764
93997793
0185612
1759374
23725735
52741615
44733567
145186725
67421329
56802688
0104238
41776827
24559582
46942385
13010507
26717632
44262206
32327370
68227265
3216928
25318669
58180558
20415537
10409523
1019650
55878875
3720463
26901922
13070263
1306775
152424427
3310839
126526690
22568858
1001759
3137269
11183730
1224140
30335564
19828038
30261365
89493617
114795697
0999272
11031420
106082909
0234969
23342403
14606232
0718780
123462202
153042949
56876059
1053252
26406214
27159369
1452976
34944332
18960216
33628562
0308565
125187984
27550274
72595465
96416540
112620635
54105900
90224519
99021256
1583373
27474156
117728254
0106641
0691572
2537326
66043521
0922889
100048372
0275426
113028816
12352105
1622498
13517435
67031967
6373687
71637162
20256336
80626726
179855576
62595488
66612200
142879849
26171323
28114601
25917237
81106324
1956426
87941394
0500305
0176436
3458231
47671093
111763482
1243237
0460714
20199428
25367852
21140551
1443342
24683725
39915160
22164210
33696745
4175663
12461055
113248529
59539077
91905662
0896546
0697468
85724299
1626463
22657299
1269165
1319133
1603904
97777216
0710299
23988519
0777454
86549974
64849670
58427877
2003011
164955827
62100914
102895449
27303282
81237752
4805572
40836954
46565036
85547725
1709196
107575790
53558956
1568320
5739969
49847425
2547296
100083343
75244747
0617315
3888287
7002032
0219831
4922152
10348034
184557063
19141889
130516764
27983182
0376862
2861669
43995146
2130598
47842980
9237095
11096183
4789800
34216702
152761037
65933556
5942449
18685684
0512298
47159929
9868880
95118970
24794073
0367706
38117229
1458075
10367239
88295797
31937529
28876542
16274092
19170907
1196000
2224262
65944544
80729348
0747060
2005001
114715884
1964495
0496138
10398346
2489257
183128899
2992437
17586719
62979493
80064279
60428068
15952678
1188965
157113624
107612409
4054298
1382765
1827093
90227553
85275575
128832707
39053077
11432302
62738899
0977337
23693732
22232136
3802820
6650454
47742634
107843402
14356712
35080040
12739878
18908094
4773735
73380498
95220162
5087933
0374060
159793931
25183765
64608130
11636921
20698640
0095027
1657706
68682131
118214218
51414717
0433236
3101090
0004595
25370835
160074799
30770456
0994084
2869836
94296702
0638248
0382872
36199904
52264169
2375140
26229925
153238839
91305471
14758022
111340977
7508572
0095638
50566661
86012417
55398937
118502108
30753066
18124753
126619686
0382976
4679888
35829139
113184256
141621069
14317609
19478721
17927831
7724889
4044518
71415467
0507196
22697374
95791561
0127770
51265424
13291957
135521950
36961163
3655931
0783045
26610510
4970208
33158409
0170450
35751236
24143474
37236170
3914979
115613867
20734666
4556088
29503604
1461205
86249216
3452917
1914237
59647253
157637114
4294246
3549934
14097497
28237505
68496783
2126454
23653671
36988490
179001867
1110564
29957969
2341532
30792355
22991758
1906981
1849336
18272304
5442112
102566098
13260611
14966130
1561122
0092481
24207576
35568694
109793600
11170651
78338530
59908448
28173316
15217350
63725889
8137828
5057222
104413190
1655632
24243611
0635556
126310104
60652109
29435386
1352579
153803309
0142749
1688679
11595406
0043994
31379077
0396354
12651819
26203669
149472504
23761980
21946748
2779617
108910639
9364327
64052041
123398223
1064667
1865958
1972529
22872362
14295241
102172368
81417174
46577407
23523196
5592888
80345646
18364527
8482716
0347711
22336146
133933395
69153149
128140644
69709605
22575943
106714467
140058207
21829222
1036298
53718121
0218124
1902732
118542869
60484579
6245105
61780321
20337446
24121236
24313117
90286378
27367071
5461551
0245696
13859236
31478103
44535313
3058169
137032216
131743201
11715796
152831911
1519197
71155530
19478086
2003970
118752764
26913794
139657386
57513559
4453620
19021677
19811913
24200733
26602859
45460228
62924340
21237708
24980280
0535963
3875931
53939356
93457841
41607696
23381041
152522945
1864236
164027721
55037817
3620918
0012270
52707737
82183055
3959136
2846630
52919479
97335220
60268120
109060374
23755454
0171202
0626753
0400969
0573068
26154805
18245848
3410894
33442674
91050284
2283803
26012992
3723130
10597492
23755943
34005018
59969796
2942893
0194698
185271485
8096117
125701830
2988139
47156081
22098994
0456923
62469001
24714081
18991500
2080503
23395714
156977904
4271946
1962964
43798548
28065313
2144344
86976514
19570046
53201269
6087712
104131020
163451708
5478060
20272616
76286446
3637236
21890033
10282149
102602038
47063316
78229036
10569119
12522290
89494061
0435558
0718128
37187735
28927281
56846165
12205402
177375547
2083163
15869518
16339117
32232013
19643292
123234005
24522010
42486347
23165166
69634420
20717124
2880386
43053352
23003218
79851348
153366104
2459266
149357024
19131523
0211617
4494549
4622081
0619659
168519659
40519860
17926491
2888918
114791022
0288429
0186746
118526593
8587271
11087704
134132128
1007807
35192092
34471636
75060440
19388164
0567083
2540043
169426367
22889503
20044441
49647895
104919264
183259097
61242573
22210767
2796948
27364185
75381663
19643048
78558900
5339655
56407193
4626233
1802657
77676193
68693358
0179091
0373028
57801497
73989318
6817696
6136793
42802029
28395174
164105125
29823409
3235356
174760593
1795767
40199383
155990263
33388741
21696403
71945918
34641642
69346151
116275406
105220162
26555739
32585259
68157361
0571764
35432082
111865036
26448839
23589178
50071996
22892133
105050361
0532567
35204203
1349862
58447224
125556165
39697296
49226338
165308268
32097893
50814821
1182644
20515533
34856601
111836672
158195911
1551955
77437991
1735094
6255345
0201008
114433011
1447542
24473381
38803756
24922568
16045259
21106748
12755261
16951161
1305178
155015327
69157240
24941021
3947986
131032250
11679724
5478579
0920156
8201706
54340341
27664945
65503918
20537799
13524380
2609048
23353891
63929520
38745400
3139589
126409300
1855870
26354162
59810099
3293078
73671611
17962023
21157026
1794865
5029630
33544672
2422706
84550205
115790987
86924715
129951115
0198295
6121762
6786061
23067488
4958343
182186889
155135324
93263260
0995464
149468921
8757986
1974757
