35362031
12370923
14582286
7110858
1438772
0964658
18952413
16619373
52822120
8416643
4781516
1899488
53148409
126248214
8857443
0103216
2587000
15479085
69427455
2937235
85693409
129216498
12884941
30542650
0195319
6499406
87900685
2182474
34788693
11576910
119034262
23684247
8228894
24051747
6353855
169758402
27749438
89960626
4874435
56051147
86532125
0808383
101462181
109868736
0197219
27483705
2268056
2457007
61114820
20214514
43274654
22792862
110188023
7605996
56196452
119547030
102884949
0546279
17807938
107789856
151134444
22019962
24756564
100364152
120057110
125176601
0500986
45218611
4693077
1497732
22563884
1333366
1984951
120051626
42166612
10926348
129365703
21880352
2400072
94078032
95791977
142883184
0708731
16268935
14911028
23429043
11220433
0807374
110691742
1856997
16003180
154269887
31181582
25489103
25819786
67857687
16169178
1183308
5345687
13288231
133425395
4977670
54293944
0038830
32304339
16537579
73677278
101663178
0100620
4400566
39362671
3617132
61248495
12127983
56968434
4011321
23331308
11083952
91315068
70755406
0081437
1291582
62423757
152853451
4619897
23961619
75695037
5051747
15143056
2446876
0437085
36139807
156135547
30088828
58131128
126217478
131563397
25497352
10671281
67079047
113040475
3065671
3421089
3356260
64100871
10290093
1555064
28443655
135183342
171224213
67759748
2973485
7888818
0571053
24566267
1117379
0412334
133898409
62697645
0757413
171522406
13840703
77518594
117936130
11066070
70566357
56456831
1547315
21050632
22078009
143006580
187710546
3303928
2419695
115416408
1916452
28706928
2963578
33319983
8462477
70361119
7645013
6613108
22625656
40319863
26047293
96129939
91529076
10577189
43359730
2261913
8497243
155302064
150670208
0508954
145364341
33340017
2704704
2753172
21171249
15738894
0369104
4465875
0128307
1321709
13709892
3389280
131264181
66274623
180721869
12254828
0363212
22549299
7097621
114143105
104275957
3953559
34162347
89426987
2061829
5075099
6972932
148745204
0491004
43977314
17963162
68637717
161407429
13240360
24647332
0884079
79155724
0710710
0574853
3214008
4193460
100810285
99947996
4938405
98894263
52724619
0238216
102586328
5921020
2547760
15377838
13243044
7137120
15460116
3967483
10209702
0154420
138999287
21002533
25851229
0415252
13225847
8458411
2375500
0423248
119649061
135620224
9974584
63875402
53403025
0580218
179899793
106595856
5596974
4672934
112940534
70353055
71313321
0963007
19562716
19357237
40867975
3804606
2106173
41978352
58313548
1827625
34814382
2430790
0601998
0203461
15565046
20358701
30058382
0061414
44783576
29072792
11020284
2817295
0136930
16467005
48511710
107577904
47245780
46860357
22499188
3855068
117977820
6148966
42825670
37588951
24879861
37115746
56005872
5241176
2649434
111516568
62630863
115681372
2393067
108057343
12359614
186171592
22166004
164977495
18409056
49417605
9924311
16663847
4416825
0084636
168765671
101812887
135262659
177147846
136770237
19902220
81068227
3003877
21278766
20207491
0084817
21908153
1990641
57585482
2151996
12822155
28099434
22358394
11311506
48737471
38525921
3811386
85102414
4149624
52919297
68129390
53787802
62706280
10005287
1278016
20008727
1216719
32946773
47051976
3258397
129792095
113177986
0084107
0515569
0137908
0081610
152072804
33622597
44203430
44500705
99738154
3882308
17758963
4111459
31116458
131910169
1947092
150590123
62933173
107683086
124337080
3843828
2160843
98341434
1920414
0852753
6098597
0397502
65168190
147668191
101517478
110119403
7494324
86962469
13931402
30813349
34844428
8499289
19119670
22202476
129345436
38763537
101642236
90379090
60721936
132866826
53180054
17370852
25287150
100243722
2353815
1687305
0618012
1571226
64105297
1877867
91970045
0536122
76076606
63718369
58830597
1834450
118171409
3694687
0519489
115602387
1835249
14170807
1983801
44548227
35108772
126180548
1983572
0614618
88041918
4672165
35178631
127608836
82295760
124582625
56584182
94927064
38569968
56543306
109683719
26566312
0560903
0174908
1752903
23507077
1557167
1712415
9136032
98098500
136579387
101992435
20915386
155673682
136371148
3096561
4385608
64439348
127175051
11903442
3368440
50102306
2295338
73407014
21355088
118377624
2173200
4073998
1555175
13618863
8194797
57935986
187486073
1589020
63615662
3006747
25192034
47830391
12200948
1241444
69601470
46375030
1350796
10381872
9990302
90030178
10184989
59144688
0773895
10918299
103525366
19928310
26913165
3548130
67910893
90922221
20912035
20271770
0647673
4474738
0465518
132678215
69720019
148563073
51001500
163976166
14789921
13934972
160914527
96095054
68376823
0144699
16606197
0427081
116854701
80955179
123693871
40551654
1361628
61750948
20000858
2843865
43300172
1871578
38586606
154217802
119265515
63618057
15555765
65310819
34951700
48960913
0649288
0537550
47458493
8586257
1655512
47552902
1647273
34623725
0437669
94270987
23342849
37702787
60626633
78301944
1300931
14828846
3589908
10251172
0099405
23442088
46169466
28447011
1283950
1773043
56298381
67945761
1097999
1745491
35209673
12255983
76952062
32762702
164907443
127896187
23364520
5790126
3188037
127218878
118314496
23651956
116495725
43102122
37842556
75842226
46025114
33210709
24147627
4224608
19464945
38408834
65667308
4592563
5156288
124039272
1928376
5372738
156010527
25996703
3361385
54135906
114393657
52090581
25929702
4466864
1643320
0328088
0939790
6920672
52283708
32263666
1708505
30952526
114640215
8545054
114148177
1692833
11138532
22630054
12206924
0433040
12878678
1744907
16588387
1115599
21054934
0894273
39170712
3417327
1971264
2031284
1700466
20310813
3240097
86286430
94214442
1262345
55548408
70420039
94218110
25458308
136193202
25781589
2193169
11102621
37448787
21841761
28374813
24963111
100830834
53820779
3978094
24455869
65872736
91018665
103467465
113483325
1270453
0189331
5304732
0265330
11829571
37298101
82500197
1219755
18521942
25606599
20800681
7784552
54115396
56064216
10142640
27818149
6144489
66523541
1229496
19368122
3174683
26820801
23116197
19405763
1853998
9608638
38063516
22605271
7599180
0431271
112199724
41778794
7219101
1249154
8780921
2111494
89308260
46935167
23534754
52146535
9695195
29084205
45803767
126200270
115057015
7337518
1529720
127148065
129421370
7424084
101602797
9218340
12163607
6206362
9818495
0281111
23744008
172714559
25005430
14207038
27915881
126573004
77806023
0538520
30499162
101852212
1974697
22888839
5442790
175299993
2147305
94088106
1249454
7968744
6791253
44900896
183484309
168494909
27126233
9115211
55118950
22230621
0873576
105131476
178688983
0898787
0106196
58356282
59826989
0601163
1135876
12849120
82903451
77011321
0427999
4657925
24799597
2881128
62045232
56475557
20922217
8827886
1827799
1637337
60796104
12420323
16233279
51248399
2083721
1758823
3341710
64579154
3580417
0115655
0175872
15813910
141871339
14973423
20536060
155146650
35725947
175738229
162135765
52757294
71405175
42079106
0808819
23288234
28935107
2348067
46515038
6417170
0305809
44044288
50577603
116060855
85179179
3383728
55983391
32227901
0243719
25734485
0247055
119359456
13609605
50332190
21184480
17280267
9159967
3811280
56641213
1406612
24340774
129371135
114696721
46069004
97265610
41255009
8033374
31575224
13226104
8622510
11382908
0220576
175079819
46228621
28034399
107713876
19981013
1156416
58977768
40486197
101687513
7494614
2747461
21255986
94811060
2356564
4754131
125243623
49129181
69264745
1725119
18689421
27943012
44203460
23237301
118759456
17768762
0411781
25149732
81696524
169611608
0113420
2910770
13596850
22726292
59257667
36049693
61067348
53180008
0746867
152734801
29318913
97856299
9810831
5042138
59619012
102492846
78573675
3585339
0724568
26189266
2345684
70196246
149408000
48784997
80875364
176738556
2961046
172933093
16058431
134818245
157513841
3736027
11200740
12545149
7922806
30468033
71013599
3424742
1772255
152499279
2641712
160191275
1194315
3084223
98054358
1813735
2943839
20997066
130969127
43449238
6289903
0618954
0968291
1911796
0195992
39790665
0224958
0002765
150566771
53480957
1575693
0570935
25526515
4216431
160972434
29934165
0428515
130422663
2528956
19132074
72270146
10612368
114696839
12083396
1684295
124174100
25426618
104025143
0134786
1822742
126511419
5166914
27101067
0847228
41562705
1469962
98360515
9689718
50712752
3129575
14144479
43560391
11290383
23617557
11140071
173652527
29903882
13825419
0488275
2930293
45782531
56076531
85234200
26816396
2158557
18434328
4613904
16860222
3460123
2297740
95783151
2035667
1477503
1856934
2511416
4244655
14980036
8888324
17559480
25088793
115508676
135641804
1648408
50104275
11538564
2401924
89219937
28229578
7752664
2843744
0457828
0736698
6519738
84677465
0797923
8615718
6727214
2252570
1536369
37358841
4476967
23005397
9767086
112030252
4678618
60708290
29849488
73296849
37586142
29070648
2868824
0354908
1581184
0076922
