1146767
1842766
116079139
35352598
0407569
16318844
27258570
0195370
68506203
1409499
45918993
0569606
21126332
33612136
89852768
84528254
43366778
3665892
0787615
15742316
45554028
45208512
114710547
12992484
9988355
92837460
47493703
1376555
19250678
2157136
1256176
11423174
23124011
43287592
25050117
1671603
89359028
155610912
0078703
12732428
68188430
38595506
151492391
106706123
71182120
21154774
0333624
8705887
4171692
1572540
1090944
159775849
2872312
3289477
120554229
60049076
22246875
148670905
14211327
130308350
2904674
8443728
109760212
24065185
14280900
60966666
124680559
42038617
1804683
17791408
30875124
38317136
22619083
26652140
51521772
10519969
53039635
32004299
5089156
64024672
2022254
158529540
6255939
2158128
39865838
2559023
0161789
26635761
113501280
16488394
0655549
0233532
66488410
19804080
0362792
0197276
93187403
20899809
99108523
4542394
11716824
22536897
55264215
4949547
35864188
2970942
84573727
0095662
129489534
18161839
31559522
0510793
135289498
31946674
8005529
0617587
18553033
60210337
4238363
14440242
1316101
3933799
36369036
37774174
22535652
3078615
3576484
159811636
0313019
2259487
69139625
2600313
6496000
0750446
0861338
88919450
51691036
148512021
25217550
10918500
2467618
12303440
8566142
3031904
8135700
36057449
64856862
2868173
57178464
1208500
9659993
70287271
2702615
39379331
64582916
6945860
0286922
23860030
5910185
44723492
104341979
57806739
18909303
0420911
102837592
26962407
41766982
3227997
0228014
53799669
78956987
1473455
120248955
124771294
60683701
1100027
80874109
0676300
103879333
84976746
18411864
130308822
1279334
58295593
19424189
0299744
105096805
24449165
1029708
35670637
43752755
102180990
92648852
2181303
93667151
83940145
153743343
70889461
93122474
1688242
0544711
53285629
2266296
111131841
1250772
0677266
30056461
0648398
9584397
45133109
0632863
2708324
3967726
96198937
34815681
17857875
9837698
1870985
15981877
22304144
2562690
157656076
147366748
188505542
25280235
17906773
87046509
49336839
22477309
54076148
26399102
0380769
21319803
30053358
51401316
150290763
0075410
44088916
19508529
13204227
13422168
0177195
0234189
48232383
9320989
89057478
19398400
19676601
135564258
47438684
36827436
1703172
0280977
20338326
36925662
11966504
1055099
1232710
0372343
3563369
42015248
5577910
9905841
27339497
125993119
1171970
167957647
0507958
0836368
0877186
0402332
41975118
20703474
67537970
119330100
6487202
148554501
11286139
117176329
0864661
3190518
129117392
59919660
11564856
48736609
113986290
92126044
10690699
24094358
85111475
1393457
47529457
52159215
0459199
60961143
176040316
24144521
1195920
47338733
75773424
11253022
89141120
109482691
149198865
45713223
49816618
4202340
12265416
51677700
0743717
4189817
115774856
20767592
4315430
0283230
10404492
15575049
80203303
62942007
69398145
65908926
1991211
87640589
1210382
26960450
146925179
15651494
0118856
13017201
1023972
3790878
20075621
134488135
1250903
82938155
11888962
83694695
114651572
1420066
118839119
67704608
44863954
0809878
2466820
3329168
10317066
3343084
4086720
1069440
29023961
2461802
1874721
16248684
3336996
50862542
117884283
28985407
111085322
0645539
13021513
62983258
0619287
41815849
125990794
0121776
1923922
111471970
119570830
3721273
1911810
111009833
0809229
96130272
2495582
51853578
1162577
57190066
66713486
3830179
42456750
3040179
119123901
53513000
11039636
26367797
48342522
117450697
7733052
23061088
8890348
86965345
19900400
55480857
23698789
6697690
4639352
86444222
106181497
0907796
67327850
158635811
0413733
4758821
168029003
55675964
8744253
19704198
0949139
71194760
108721901
112246926
1369822
73088946
7682279
118189642
80320825
30414462
2009300
28011661
1086973
23900867
7660137
64744013
63170759
4382918
54566589
24884250
0525622
91023366
11273916
23538876
22805148
6908995
114839393
2072712
0510836
56145401
21071994
8481365
114242885
190892567
0894951
1326996
61116737
2393383
20221599
24342340
1703852
4642065
26577049
78096654
27308353
22563909
23842030
124018686
60548842
0469086
2199134
2833779
31732034
5821624
29370607
25424205
9520850
4204586
22750085
1893630
18435044
26952759
2124533
63976404
160671421
7874257
13088773
49195605
0948198
1338527
2380576
50893469
92335044
104725458
43470616
33626382
187178387
1462664
13980975
86852598
28154374
34160962
33206386
5426731
1357540
34828462
68233362
2745447
50150727
35188419
0106482
27416224
2344155
8706406
100880053
43022098
2367315
22609509
5734747
2765179
20851731
19883925
0340477
1800092
131232088
169614021
11764075
151702315
30517437
0886039
1019672
2009001
55121830
40351806
40213421
19381444
2008054
44988742
0979512
45151376
57158629
24356541
125953851
57801257
55187422
0524295
2208098
24115181
46205947
0785102
5249944
116088299
3586310
24817521
157606918
9520153
30920711
62148647
0554957
2666808
22494177
23401836
10789091
4671478
90739669
65694816
0340568
6092151
1607186
21204328
128709428
108603602
98821029
93064197
1716898
98086202
26843699
32569882
8728440
19308657
48601882
1546343
17501633
15046593
25841911
113020801
48789036
2556109
83642414
10220736
4544310
1186595
3113282
90356622
0145668
18377128
76525578
28911673
1150827
1217890
0358501
73958026
0941427
136842157
127946005
8653241
24587046
23965424
75978295
0490401
33561221
5099608
4143316
29043205
9150302
32936369
164910915
73243928
4037000
7330197
162080309
44391729
43544738
51885489
0304802
31114744
2522154
18152517
67514758
8745279
118984145
64853269
5553055
3294311
9332769
8144150
0481927
75875398
36727861
0920903
67975914
17399846
25057297
123038798
26344018
85741589
5863840
8418582
0164135
7384537
118284470
79317319
42891849
12446915
0478417
1671947
48202470
58256204
133514256
10115739
64519344
12025573
64084889
147793758
12501169
23881283
3828300
22227798
87125724
0453269
111559510
14192040
55486880
23246914
129234568
7146559
3229988
17896145
11614173
3910213
20658364
1961048
3383138
5179028
128567241
58783934
37776731
128432884
139079698
2086964
23093151
26531126
57696214
105926800
0921556
128658088
0594982
35417313
3092046
2471357
126467495
19709182
22738777
1382933
2811596
119815016
150336948
118205486
1006573
3034700
57523000
7628150
67694651
37842635
2330480
71253679
1074303
125474952
22352519
0301531
25069147
1419478
12343923
19623470
24890764
18614135
1052574
1938173
14895532
47533474
34973289
9089461
17224346
26121019
0116547
1824087
17995502
53152453
3384896
21215181
71313166
24420950
154125624
0197945
20448707
3810578
7919443
0145186
5445669
3964885
9453000
30006904
2269698
59711372
22875108
5939542
47386804
37795971
1185292
149986540
59781584
67115472
43032313
53461622
22793431
1515128
155073632
1721370
3982401
9461435
124091760
60438822
38824722
34513794
2029369
2544345
28130428
3827869
28718455
60769846
104158298
42019830
37653014
5250437
2604116
175309897
30096851
2956731
135793773
1783710
78343404
5276853
53106662
1586969
16755937
28240886
0995023
131783850
10590295
1338986
78302094
24155518
1584368
72667933
116225108
119573350
4334390
34268078
4677597
28579695
119591577
119340093
114692334
1515650
17079149
177868530
83947092
114373882
4646849
0337622
164907564
71565920
43012377
5406253
36442739
115030485
23656818
0155206
0596883
9767892
5930933
98935336
20009456
29741010
9082485
93620337
0554721
4076377
0612737
20345651
19598639
10961517
42501574
58442644
90526613
12446721
1881506
37896176
11842557
34924699
24337097
5245343
57860530
87254727
17923923
135518372
24213365
2603016
10790576
0305701
11067455
63265353
24308379
104265797
2067970
1210420
140979736
15394179
56406666
65078868
83625614
5444133
15542958
5217820
1325512
0158083
0204401
10726720
0808464
20553339
37658111
42906497
133615153
6147109
63772799
23332123
108394548
95770527
1553805
116840907
96545050
99601731
0459143
37378273
0232193
45227120
4365972
167367654
39458418
56060296
61769829
58054403
23498510
50123004
87206412
1086517
5756724
72300379
1710119
22153336
35281640
67732685
4216272
0603590
25225815
1095805
4799032
39218111
80942694
0927793
37007909
155497316
25821588
59150782
12945450
13517402
27006336
91050635
74250680
122245992
0390002
1053192
123813734
153944316
61967094
35133605
128987786
84669010
33812958
12199300
47505781
74444999
73795649
2864706
29136689
2045165
5488250
98292514
79028742
189207219
63622696
1674374
19097917
2632083
0910200
12071338
2660233
27710833
1315132
10223163
57150884
160644753
49127022
123809400
4599634
51593934
164651598
41574791
40834722
40499420
183909952
22907549
30461327
58224725
80933965
1591612
2274244
2517824
25261383
5548947
102475500
2950376
10645655
6598492
49651965
61926719
1957119
113290783
60142458
104929761
13188495
0041898
80870571
56028640
155524012
40080637
90883316
9917670
0349252
83370988
29689775
0435480
111882999
116659501
25500748
116030142
1493657
69520348
3579811
3597548
0545787
62590044
5872293
