7418588
31284244
1000374
4447203
137783483
8186713
43825465
41838729
10754866
14225149
125774051
0168131
33988982
1606683
10236282
0439542
3042247
42641953
22329395
134902047
91200273
7297842
2157932
5207732
2000855
0636924
23019728
22635279
63521093
72577312
0014699
36131709
0566927
87826300
1500601
104617522
12869982
71480193
0375919
3969754
78611182
0480460
46976187
90862008
4128344
73891582
19340212
107967785
0518495
96242405
32473430
33148674
26098485
0522812
76278981
59348823
1124172
107528233
85254308
18964999
0161977
35060863
132447741
13267216
1533088
65516149
128678937
4019756
84371734
20351525
1117555
108865376
0267439
46587349
1619474
43018323
46974653
15989703
30226570
2648891
67360199
65074378
106579811
1955337
40694056
0443768
55773596
65413845
1724061
11551486
28039944
1347330
4613195
38200008
41402201
130589766
1671304
10171062
11061241
3098467
0516477
54379394
0379377
135507436
30601828
16493800
148564689
108051300
0833514
0353210
0376597
12468224
25760156
5121707
7026203
3100038
2164936
38365655
4433936
4537557
4906809
34649139
26867092
5102399
9354546
3119326
0206900
1434314
7692410
65396829
23595913
24373984
47094356
43614469
3800518
32479477
63972183
53818649
24553694
134976606
34422901
2363317
27689757
38337970
26394317
56173182
2067764
0252445
183425993
3035115
8872258
56587069
44523773
50032850
10958226
81793516
0627149
23107289
57590992
61307586
49080270
67904667
1172828
47179849
7492600
36570055
89878596
48740034
83291462
116846835
42392152
151527833
0233593
146603381
27063607
65103587
19720242
20240273
3339527
163637276
2465505
98035764
53601638
2629584
1846161
54352052
15714382
21243241
0035842
0228595
0350486
6984438
9597701
10969100
5243675
1915809
92762846
6042911
1416779
0443888
60609439
11200879
0672227
102294094
106011961
1199914
100258693
3642481
36124836
45793613
20637316
10711233
9356868
5355506
102482733
1586462
1526612
0655351
0901158
0168852
166350709
78149618
3731071
1152748
0101937
163259683
44910651
0315537
65378414
3258053
21086063
100391061
98617807
2867380
184122689
0018228
3639860
0146370
48623893
48745501
11759398
3395481
133152435
50675969
88522582
49416572
50216830
22339696
186739376
110729083
83631876
2392372
68407449
16750507
21129624
28704863
101584666
71516783
1483850
43949288
134805828
0234600
41342821
134564808
67538810
4129698
28285941
1620356
25683089
0181138
30559629
4903657
1654289
3206250
59104003
88402121
1416597
54809286
3635510
52209199
28249313
2324805
124353860
4492762
51261713
90209091
9421288
4345106
1486428
27765840
1045289
18555954
25571878
65362228
10093427
21265573
11382821
22547618
153941193
174806366
0035965
1306411
4413353
128304776
5962956
25110701
11452429
11207757
54455086
7869738
0558890
0941711
0322518
6739982
71627682
19491985
161641222
12044124
43209257
22985238
17545978
35090263
0472379
50900699
132623149
27565652
3751689
35357628
148558439
49047591
1971636
47777620
4549308
0524771
6914978
35544190
2621960
3313459
18370686
6948603
35983857
44482045
120266287
10849862
6641941
2843700
1451145
26558826
71039941
110028312
3716609
149034968
155927499
92190935
34799578
31802980
124503811
16837654
1328538
70879037
4325095
55250288
0210033
11289691
18017547
22087010
188361869
157236654
152517628
2125484
2900020
1845668
56438915
30118883
1800657
0867548
68449489
20174125
1392991
31784345
83873463
2687702
68814189
27318696
6861028
87648320
14472508
3526696
0332491
52675002
65712396
3516749
25310553
0472595
15966902
26001523
4508000
1720976
47346916
3006295
2452880
98917893
6291106
101681655
86309294
10462633
1256911
3396734
136112567
40399608
28074484
1101920
6066644
29576778
17429623
17086153
2503781
8309733
0891034
49017717
135346342
42827417
4568292
0688500
133655428
35078656
62715797
31589646
63444016
23071686
39701263
33437178
28250876
25276230
1306364
1830879
93159358
2398260
2196547
1675275
55698972
112366087
57124537
11015481
25058591
152605766
2598842
164430462
129905945
118532103
38929189
35237617
87786768
71522805
99307579
2904566
42573975
0213082
129455951
20006696
4223819
0617138
22489629
148555121
3673490
1016741
4352839
0256124
174962222
41822777
0525200
33959783
15225085
22513681
4083050
164238319
25355748
87471847
0202132
55633499
97542880
10069426
125568382
13101590
0108856
10990500
24169257
0379881
6175766
77869197
23794913
60717269
11609834
2252345
42508869
53750677
60342477
21175526
4419232
43914543
24702561
36127459
24422238
134693409
6136770
23844192
22944341
17544240
0234036
42918667
54867897
24331198
21377000
92460351
1164615
23113044
1382911
0009586
7444049
23462383
9621076
7481883
123971818
1698579
128175625
22877680
0672266
1360908
113319377
22323297
1318697
7220048
36997112
128968542
13045182
1049045
0310237
4803434
0627029
64299457
54345558
136019707
24816220
34619297
58659922
20030372
1522352
14829961
164212978
57704903
68545873
1037131
1145425
164990081
61478904
42632036
2627102
110859241
21922681
41154263
187649415
2336436
3170657
26627433
1446217
24385292
48380379
51684513
2580168
1543362
3167531
0940071
18885628
160898635
102343553
1936918
1704818
1310984
38219558
0832569
14063496
26627085
35179377
69753613
43495012
32762182
0239248
19149499
63250679
32749435
152132226
1872253
3394474
38379343
54427742
1899214
1051046
3457729
117982301
1827268
25132927
0474648
0141767
44901299
6143505
0096146
55946078
0861384
0317611
10919431
65904012
35434121
5418862
18289668
88005309
45879942
0498717
0005684
22695409
125784891
1777026
26563834
25369103
50899430
2820624
29552636
2455157
1116241
4648518
154833206
0340634
5782476
107945727
31149630
2471475
30175774
50543569
98120289
1427224
30023226
0764753
1779010
1515017
35278022
2730511
53381181
4257310
4521779
50388638
17309639
63715474
56668949
0084604
10605192
112306673
2153207
5151637
8602397
24196148
76428809
1068164
54965484
98025184
13686085
1526955
62452126
31616739
0660390
46496523
65144138
59385670
0177099
4416548
20598214
0388757
130162062
113548658
0482927
63863240
100694100
0779088
132477608
60603286
1493768
0771399
153239076
58691205
8599509
15304230
5464931
3530868
28484749
0391419
2094942
47734476
10275515
56629797
102451936
6999596
2777843
2082471
3824784
12671247
2037251
1570117
57457289
10967202
17513007
13307847
20696886
10042672
34573097
166211342
52029193
61954223
29931935
1314427
1374229
5360769
0426090
133974229
2891653
114803365
132831092
74642884
0180868
126932989
25746757
1115682
111895504
112178336
89699669
123138477
31150259
17316808
32613806
49524073
2627470
16242082
0553205
16438374
14608424
122126613
3405802
156981275
179126426
56651147
0117888
4186179
165034891
4159550
20336033
166526919
11565075
34101428
1708953
33800067
1690893
7094481
34012344
10490966
86620738
1006669
14307949
54051645
1367581
1762537
22646752
1134315
168935003
13578224
11648547
22527807
25634637
66336129
82383515
68487949
1991915
24343854
2414782
4774936
3709611
8866578
23315099
1367483
30799317
6188007
8740517
0962048
29071033
26818856
5058835
7120074
99021165
20743688
56343532
39787437
53682137
3321493
0791506
4541308
38112938
3500788
34867071
1206642
130126235
49731559
22515587
9114042
4124904
64363937
35846466
111782569
0275445
112884414
7116140
80990017
5120439
68195376
25487286
9958018
10510777
25493661
55982532
13319597
23263340
2159558
0176511
5867039
98099654
20034633
128163706
0022457
22145346
88548779
22454077
4773015
7173141
173484501
1625891
26897526
173905573
4298366
177644610
1201097
5144790
35799036
22139476
1160267
2247437
25927318
117406976
20816356
42649678
14950209
52594912
0391482
14132190
11089795
0771324
45940272
79113277
33090734
4914535
84070258
3630708
48686183
0263695
3989476
7094674
31191013
0377688
19180245
75175050
2393396
5226465
0440890
19564452
0015286
68155368
27954581
76782209
129424305
23756389
155928371
20403882
1569131
4863695
0590586
0434972
135093697
116142896
0463467
45325491
0445974
32852054
129702742
1028582
3786673
1609079
20965092
2127794
0369222
35521424
0229305
12130069
0494980
135069500
1305174
2337543
40127150
2143648
53695194
33922346
24214315
49729116
0019468
4011514
19926572
36679983
154251733
33007624
0284206
23601941
46015440
8865372
17662136
0700148
35847323
33875393
156347925
0755823
132979666
51938734
18200283
87850731
16913270
77021075
11861143
1264533
2537745
0496864
27118302
166079769
172592725
40999523
29886443
4247053
47204983
78582106
28204811
113960705
75095347
13369232
54473484
1178851
155643091
2154140
55531508
56901806
21818827
2476429
151569249
57013735
0845238
12787630
13854431
87133530
3428480
34364708
19719164
0119489
10829971
18439852
56732921
13467937
35509504
35139245
23398171
34659127
26488244
26294294
32406928
23271034
24593121
0322737
68409273
2831493
41724333
147670312
176229390
12651566
45945553
13246266
54829788
0087660
0947195
9840278
115504143
0142303
