29495501
60506737
1655735
21232893
47736720
120560668
22996063
130217728
49901376
5384567
0153236
0712902
138870510
46156631
17631675
22278631
33433776
11401402
52792854
0741352
85022220
39108879
104679049
54954778
55157303
115086694
18161097
95795700
36170370
63490476
28042676
2869590
9179916
0003549
46215499
82760792
125461382
35662047
0649692
16776124
157107168
152498799
9948393
12097399
13993896
51136191
109371828
6281997
38246009
16878724
43992988
81897723
38971324
0644872
108993659
65794476
26922647
52879865
124681352
12011387
3553886
125999385
29207347
60532984
26689824
5551361
2723580
3131591
102648868
99106659
152859406
10099305
132153801
112855274
43262552
41107215
27615941
0638103
120210746
0079196
99491920
59195032
4002010
76040101
0127525
0524735
0419082
0218252
17766342
25124556
0212351
20448097
4853481
64523965
27731813
8500107
1062540
34179104
30212829
118444394
22381690
24536950
17857727
8374414
27040069
64018658
2505635
183117628
134179271
4371826
79118814
3993251
9710929
15954129
14057458
3835658
7115945
18499083
3067756
27015879
0418472
56015688
0180359
75074959
37097179
23467935
104807459
7896349
0221189
36922988
65187964
13455590
14536089
9021307
3469020
28953596
150102861
1325213
6004572
13683978
10439169
27680551
28071275
69530165
12795769
4122266
134345891
154268694
134863717
106750368
70490220
26003637
2349035
10052615
164733068
69376952
8628988
100490667
3808086
7215898
0002216
73463293
29877110
0493319
55537926
47947507
0806619
48621861
52234032
52836018
2109302
5281451
21906610
0034413
72177365
26835738
7128694
66157304
0377882
3426038
22730281
96869139
15970413
21067309
52221780
0153339
75340345
93445181
23162161
23914394
119934246
1989350
2025202
0813162
27228402
8788389
17769170
13888508
2944159
0418955
157877335
119297899
1878654
33188338
6497508
43205101
4661117
35537893
128815860
55931881
102228212
1012975
107393230
19915662
78869683
25793041
91698832
33694426
1504621
158145467
73559422
188849077
23186984
11022814
10678667
0152486
70600460
24707465
11201219
91677684
1499859
1747439
169864405
37617528
9558691
43746479
23244286
0270834
3838528
1272854
2290738
11929612
47776458
25402000
23931081
2614955
165351726
18473741
44481518
0328518
0175865
55147753
113011138
35621841
37015413
0978373
5817314
125832478
127401919
0603507
30542394
110664273
12025920
35235844
4016568
2327552
92228145
6644614
0703018
0325751
38665916
3698797
156175536
56045106
110018651
22590982
19554642
0615475
2115424
93778729
6172057
25393526
83203925
22709105
3014694
12922859
73129246
3940889
3091674
119433254
36263670
48097949
43665518
2913327
50950062
66327765
46345112
66375372
59815989
8419828
4618166
169555056
0642614
33127950
125199093
28487876
2574955
1845222
19211505
4692557
102739581
2187513
33220326
1840734
2469988
184311600
35118521
4885616
20132327
3184218
3166297
47056174
19611002
4986491
41597677
77067841
1098486
57731268
80080349
18319647
9554123
133035125
113115519
5661360
16363719
10028412
1968521
2903445
2373454
2207346
104530491
2364528
5801052
30877573
56652625
77936264
0606222
53125059
1092159
18245475
85343570
73301347
66405227
1788622
145682640
130792444
22623218
84115592
64803213
0384612
23963291
35103889
61456303
125339887
0554241
0660747
63102445
69172887
1714901
11222012
33085869
25701203
1587568
16398013
99525312
8390878
118636835
146967214
32249954
107535913
0378533
1436947
0178518
6150810
52766342
9756824
148557310
22249556
52589177
57527168
87352618
3040949
27508843
1312118
1472165
2752635
83509871
0408229
25211717
188849398
0262949
106742978
0650976
134860410
147499186
107341050
156283113
114275263
75344988
53712969
10960365
58533219
1265230
22132224
1305680
0297262
0088076
86017333
47315878
61055024
1691534
20848560
10643624
69224184
0341671
54389699
82004095
44110709
66091116
27600702
113021106
0557516
2132387
1908606
51330777
6402844
10075136
17041338
2679674
1308996
16487029
2689886
36462090
0060242
83426956
53096283
23655320
112703701
10051248
80759957
8518790
0105164
0410462
1398836
64394318
74036269
114623244
2584683
24224218
5732230
2969065
0079420
22430723
117843373
27386227
126580482
27302507
1536039
4879080
2519322
66509306
64650373
58382513
3510631
18161206
118996616
115374466
47141437
74785190
126570671
39312244
0957426
5526520
66052936
1524102
93571748
15182492
1115357
1315641
1645190
1086920
23632517
2888317
10607425
25348731
0647911
133924398
22935626
1946254
87972075
1320818
103634807
98522233
37648216
0926431
29835989
188228154
3534702
4059272
2848924
28168592
48597053
0301336
8606213
16553824
125583456
108337254
103710753
3902771
135345440
26758953
33301732
29062166
5250479
27493670
105335147
1995744
0476846
105653401
12875218
31370228
15833502
0211090
1678241
2410888
129407927
7314268
6879155
131545414
22881716
46211486
24056865
18077426
148566978
148555772
7944022
34387639
30158660
124007653
12276537
19467489
108265019
0459429
58676839
134262059
1682524
64442606
20025813
79289170
0952465
0230496
9075281
18337751
11841584
16888344
1311033
116341462
1773311
188849273
5027435
2710480
22997768
13029564
95012178
64758999
163248526
20384020
37590986
16291941
5128002
0469610
69621873
12084573
70149604
0057736
12384931
59426006
14218974
47295305
15478913
19770401
4777235
87224816
129294910
9358637
19479740
9299314
102712561
0452053
11452996
7488998
17020853
5069048
100768389
2585794
36657304
0407642
21860798
22864104
0812358
47870624
24194765
127624112
5298893
148365692
4269249
16657636
0661723
23245332
36373286
1919350
123239801
20185346
53670689
45304731
104013334
7347538
35376992
22866539
1385313
0111756
63117263
120290869
16203800
16862365
7634633
45975582
2014873
5037232
12246366
0729235
0617647
128796407
6161578
0371339
21117683
5856238
173119691
114609819
0278057
17579743
3969642
19756372
13624792
59493420
93896400
2841964
39341256
1370202
1142770
4337242
65075641
57677766
34992539
4751488
183827864
30185939
148668252
101198805
106489862
6925376
20187729
5452463
14299031
15352381
2131358
1002035
114021379
6081899
155062117
24911467
114617614
89731835
0545211
6409817
2004984
23851426
191036051
33207014
0285222
92120796
4952299
0007697
148561592
1601545
79988686
9386909
133500539
5798632
5444301
19998007
93450413
6653809
0374511
23420739
2432492
2355075
24805071
31347031
94967033
6321968
2105817
82114417
50355622
96685955
37217883
58818425
3094732
1521765
129529533
0663239
25427036
1756122
71060454
26992317
128830736
37581915
10047789
76890554
17590253
12584939
1042140
36745366
0605310
166602729
8138550
5682645
0519328
30441443
20517666
52289172
23467933
52634701
46221493
47954369
161282533
3890092
108343518
0325792
25394434
60096640
0203432
22712206
13301808
3220269
0487023
19861628
2153585
1235120
1235781
138376621
3232389
137795427
1307859
29845813
0796431
1417922
11068174
2438627
1022148
11979238
49339805
23370168
101008503
35202449
47579360
1691437
23650639
33019819
129610259
22223061
24294222
1864210
134457892
70469070
38865794
8465799
43730379
52856345
7973716
1686558
63023704
0312373
8452900
152590070
108590236
1677734
53296036
57601087
0035836
10148675
11566044
6490012
5501696
10409572
1092928
23071719
100053735
20229289
1334424
148565647
178625424
6063729
148680721
13517403
113872425
11292516
40394975
20936418
127354993
84677252
11365885
17311174
32355451
153988498
186273746
0176133
1493896
109755978
13278026
71805521
25209436
1234929
57538945
47472520
135622422
59885084
16174022
22314031
95711915
91237531
23365095
145841832
0236081
21956782
81860531
139186162
19682097
1869824
0285994
8612817
11996505
0183822
0810336
134899381
0492397
69007445
155916160
20640054
0649752
63873808
0998731
2044539
8490051
69980801
17457674
1286580
37531872
1811733
1654816
43605548
99059767
84387654
104302136
18540620
21046223
69431857
116048618
48985092
49990647
52843727
56387266
1092091
10413868
18959705
59810970
33539411
120063435
28114647
0672104
3891962
3665281
0760776
13317825
16220157
8303703
1425314
4689255
117205438
34733319
129541205
2632301
131011952
52550181
60027662
0719917
2906980
41195938
0239072
7200752
151233886
17869400
113521671
0908312
0356004
1274400
24246742
7109489
108889796
49100298
79930282
2698513
32860880
118757861
0293588
52567088
34217466
119882991
3366130
15445210
27397044
0355439
4356933
0369080
88045478
3471169
154909566
99844282
96242332
56090783
2649722
46754812
0208117
27864409
11125010
0024634
5440374
26079424
57683765
1834355
3536119
2520568
24425747
173036055
2573484
5066088
14761008
11253993
107636565
7401913
102960037
45723088
3035989
0781177
106588840
97048953
2015265
22788757
1175169
48533390
13915710
111568373
45791446
0458133
65483104
53192095
29821224
56933773
3058541
2416611
26989113
146329923
20715715
0466458
26725796
13128143
75293816
49634790
19942633
6213805
27946752
19038147
24591888
42744479
107506638
22033946
9557916
22776204
109916931
8481917
