37191963
129831027
47388085
22756114
0072439
0440091
2638928
2350466
172623761
28231771
32065351
1497561
45629390
53888125
46247546
17471618
69575880
85438245
120852575
55712427
84125817
1999461
91269582
18181424
91068965
64215396
23655833
0072825
27113162
5048939
13172143
57100641
9769173
1233633
1894153
4547841
22413287
149320396
14377348
17131556
63057001
1988196
3303183
7113712
3088578
49582145
0106487
0336965
57275952
148556740
88938298
1675392
132307646
0339006
1664245
105882013
76509158
0012711
1848157
55047269
68707538
117708978
0931510
34234341
9649349
92478265
13232432
34093534
0856095
81519466
100218393
46648341
0193114
19916970
30939391
69124811
52157185
1916270
16012988
6464634
25515431
26508406
3499509
78215825
19496169
31122090
112352741
48354895
10124982
21957777
18551756
55567564
75531048
0910995
128975671
93444605
3750480
14014428
4268330
90450105
29485730
3001381
107418055
79287834
0932027
86272877
8208147
4232346
55893457
63638364
5691903
120377923
125984949
0792246
48675915
67325842
0679837
112959731
50857787
46874216
2124781
148555571
16342870
2046039
26987297
0832873
19467551
106977478
68395365
19776614
31531465
191131262
26694551
27505573
1806730
178183486
64089783
48694139
44267275
33245788
20282103
0291586
22664043
39655845
15251140
15506228
5779977
48444387
0372692
19141996
1100711
129323583
4803437
134689088
78272783
135178862
89006804
23908980
22221757
28826816
19831300
36584365
139029269
4948347
0209234
23596654
9679614
18440351
143742565
8445442
3121761
0147459
67582676
0607973
52142868
58436787
0259874
0641331
53468662
52406793
1178492
107915044
47993440
28664583
132465756
83262902
91831494
2709343
11619058
12409415
16666575
0012828
23091881
8645082
18087575
1830638
115582355
20407746
62820029
21801087
22034148
38236128
163785728
66354690
2347492
1937579
27168823
126678354
22830257
1122634
173274642
95066874
35946353
74902992
0824440
2559257
1260386
118860610
24315677
66982333
2464916
20138134
24711466
100789221
1479859
16006812
121946589
2134114
24043591
55450217
169303735
5252957
0389263
0968568
0780318
23990547
154372188
100896861
10445088
135813383
0414868
166949958
19440893
1806918
3024597
83262370
8366664
0000917
25982439
0826090
142280227
1080413
4281537
129869806
90836072
1631347
96947179
36607678
173070074
1823356
0878345
21558617
2368352
108114790
1808087
10066496
2983281
3439159
47632218
177258682
1973716
0417736
0279681
1842201
0154127
15031531
56981402
17085097
17460240
85436317
1216717
3617001
29835409
23229031
61090664
146792109
6653604
27125033
30821353
45005413
5132807
30104437
0983941
2700179
74607465
4294858
23496761
1128985
19795787
100384792
5407755
89466128
0444602
33048171
2148494
67115437
81743840
3805242
118588904
167801541
0328811
21303845
50041790
13159731
2074934
154335581
148560853
26172784
24387669
69981264
32099024
88499047
35815524
49476261
129097988
10822861
0800993
6722775
93974309
55110570
113990547
3231205
0630927
1589822
6536844
87026778
2246866
0135732
14445575
107772203
102222939
78596644
114681986
55723860
2264263
112342989
26936905
81443659
1131073
68130185
0613748
52341969
7242773
2758810
29761235
10890472
153302465
1337964
24399780
29421452
80735530
34651131
115288883
5875196
0381820
128486952
3947705
14160944
27607607
91537051
101410834
61009888
10368378
157779715
22965001
43200202
17997940
33967426
49714010
93069696
24645151
64617870
164907626
35805143
6034532
104770915
2295245
74750948
19499765
42755287
115069917
22316115
26929728
29782245
128041818
86839554
24273523
45882786
22209946
4100945
72858991
1218320
0583001
38833895
19278556
0370875
40009193
0205730
32417240
37724305
125179623
4912514
115369285
186825639
13700627
9332226
68224364
2164831
33555865
2580502
101592410
75060863
2061459
0622788
2320463
13281055
42709645
5567130
52944173
1100924
8954109
18276720
0898174
3135774
52963545
8655740
13657143
16290140
2967679
22084305
14967015
156277782
17322943
120407671
25670717
23157281
0148271
79185330
41534665
87681504
34181897
21116361
46699042
0450359
53890134
18095290
38596167
43617969
125216350
17418102
26549556
62500136
79901808
1618209
68342312
13943711
51703882
34641515
25018386
0438178
0718727
25844460
10649048
16601572
185180572
0039580
5378817
40762097
26366139
1250015
0278021
1803795
100370665
175724936
2304767
9396054
4920256
26442703
2529595
10796831
1741799
80837518
5378991
16880718
169214863
40518316
30074452
2748925
31282520
103063232
1307997
147855539
26519067
12773750
1345265
60884881
76920680
31932912
14550582
6028634
166077012
51525329
77716605
152172201
0598385
1744675
125044540
27086163
111602858
63501624
0164193
186211114
127683169
0370943
64238923
0339521
95061447
1223917
1957778
0989035
40648558
26287682
2206122
62113239
15899143
61637637
1145718
0117031
39183465
34470603
2018043
1860451
142536009
13440444
121059108
2061873
162462822
3638569
0368452
7584084
17886725
24799400
10712512
155920847
27745980
11332040
81175425
101740618
146626396
0946188
134856715
67271282
25529263
23570819
46804064
0197812
93037371
106004310
45629732
25041077
2291677
99489588
2629251
25589815
38589660
21029932
1864213
57111798
16281140
45385641
2097611
116084861
19731473
99535004
2587552
0684590
10222575
25075451
184296174
2251318
28473526
0143291
24281952
118753590
30795026
114298217
25487157
51345776
0324176
2054995
55263508
63589716
108678135
22257757
0369650
43882227
0251254
0314142
25274413
1529917
29455600
1864693
176864399
28233080
35098774
5961855
15928894
10432287
0403588
8124238
38492175
24245709
0384719
16986622
122655309
46773490
142825418
94640812
11174045
28597523
98464294
5059946
29579403
86482484
24127112
22594177
33392771
61835615
44227566
1841185
3211914
155867261
100612869
6015612
2403680
2241260
3892392
4253049
28475932
62336150
8622517
52647295
24078717
110429925
26412701
4602616
24056938
8656399
19642415
35277377
58374410
20273927
1670990
1502730
0804296
30821663
24383940
45137270
1782418
1452629
26972867
1163033
1329411
1848007
12237655
26918568
3501888
30431896
100890406
23465576
0144775
39083098
43008507
20042747
70454617
22968307
152293850
1214202
11997034
55555818
85579214
3683270
157838543
133321799
19743910
96540652
0344679
23843430
38889953
108863581
12818308
17646017
30225807
14579850
4750853
6961333
117835456
41657757
13295991
35228642
57792481
18267388
102079704
1391405
23966498
26075421
12604698
28721514
124062631
0835751
2380268
32691933
23398515
67545707
1178283
25848267
3283404
7968535
104558416
0280317
116668769
39941527
155250777
17109717
127382896
1856334
41315386
56358780
1984799
165473131
186130847
7119265
19236677
0515472
17298736
66212334
18407045
76249797
4598029
58704370
29255619
125709304
20135560
52543368
0266929
1772605
26017995
117358768
2198097
90513570
1577793
48061406
2750477
162969493
26568056
163997524
1840108
6251613
2054437
48264465
18911506
8025063
139430704
3474192
32939310
9139154
34318516
68361800
121873180
110971231
18059702
13143119
40316141
20372218
167066154
24273357
25106801
75062711
169412808
6970597
54390153
2436116
85315289
43154361
15591612
110476825
0346035
53878966
1230578
26258257
120252453
64719752
0325908
24958725
51294955
22152950
0012587
22360553
134742098
3500970
23652444
2883574
25263964
9289859
0299818
84724144
6998185
1921270
36541485
60829973
5573725
0000039
0712839
15007121
40509001
1192722
0749363
2704578
0088475
1789549
2006284
119241491
11386415
11221273
1330635
5305301
0375146
0382023
24604247
3930158
55537831
2770677
2240120
0086035
50491402
136315844
58819459
24725082
1387390
17549221
2478263
19249352
23560218
12303614
0868129
0412363
26612050
154549758
100385677
34212954
15229451
7307921
40273969
51783497
19778915
156928844
4863471
13181329
106007927
48782625
133641658
9415199
3468874
23649028
0112042
39498450
39591374
22590836
1244482
0374948
92888344
67880581
4639571
68757527
1543698
28579930
91541876
1712111
6713806
50274841
98402414
50355902
18707708
4390924
76939434
59236058
39177835
37678181
15854581
99907711
22146779
5159002
12876731
0291323
17436184
130067997
100149665
20121677
34218919
23766759
21390326
128947574
3910013
43304584
25324237
1702609
124826145
102799044
133770765
22817727
32658177
27961950
44676317
0090479
0154374
100226624
116971634
65679249
10826988
30630450
57648468
41137823
70052262
52109852
26456234
8136813
61972496
1451430
6294724
147791412
4164027
24040856
15776014
127582595
22325476
124454028
0091670
11067282
1345807
82360204
96025780
0214643
15948202
69756598
19309938
23745798
6743099
0628360
8660140
0969786
109823864
131960171
3588216
1251223
28448013
98423618
71971058
3559778
106935215
0259939
33619237
2361001
78571377
147532555
28742626
0194757
1940160
188006620
7895388
11732563
78315062
34731472
123596050
2425535
166108152
99202074
34690486
43921327
103302922
135180426
20672677
164066082
0734183
24298975
23758294
59989758
44847224
13141605
0346722
22225492
