119716047
89561785
4314586
152048688
4545306
118421698
45045700
0397727
0008316
0414391
30222690
77800330
2495845
25109411
69839309
70293353
90081416
3743058
0650386
6976939
1540379
5035699
1584899
0019286
121178352
0369348
107147585
15101096
22844963
1714822
133289817
111324071
0400248
26040191
10040823
125038949
28583132
2182518
0355792
8071120
89267024
0519801
4010543
33179677
2278331
20393118
2691478
14934975
2045272
3408324
19448795
59156404
16293638
1997264
62646541
93060776
65036792
26083589
19684090
20479112
4474824
131066318
35792474
14277579
59813991
0192555
1829787
15542914
2475751
0860895
19278414
48437072
19336843
48894772
5003368
45806384
17312516
2349729
43493859
69885073
2436779
8452334
11974532
9912831
56605514
24533161
112134851
0091643
3660093
28509918
50943122
40542731
0318769
10469173
13833294
52800150
0994343
1596231
151288758
129147793
0172836
33614850
100339085
50028292
53351909
36325562
15041813
78855965
1844427
53406243
1674584
35395544
26580940
2435236
3448712
34673613
1625038
11591527
0453701
103154866
2008457
80638475
76878822
6150112
64776099
42551666
40319524
64815445
11893926
0129231
1517499
0144318
16795975
28914464
78484860
58759199
21259247
23076789
4256589
22170000
93028656
0920806
12524479
20075685
88357423
22689386
13665924
23810474
6997732
30821933
27478392
24524263
2097620
0409360
0437913
51300054
58516599
2887119
3947945
51966806
20949823
3000342
121084617
124909155
63885700
56641546
117308175
11734375
0700549
62056864
1128823
80291658
87799868
93568825
24119293
0100964
110600019
44931361
36801011
0544050
0755363
63457177
1421997
3566365
22819626
0899229
84595842
32503165
47737753
65020619
126215119
17376689
1329029
2332610
89192672
5577348
9123025
0043621
47991483
149468954
1382947
107725298
149710646
18694499
88677536
145552415
48898186
121195001
63882228
87610338
0348353
84576944
3501476
160815211
28706163
35649521
64705597
45256844
26361295
0079365
84477605
1267064
17662142
45576763
145757276
18453597
26835138
39229604
54949380
3858848
2450668
42303656
34984587
70976061
23695069
26339215
24048525
2815425
70345317
10828520
30126689
44341064
24283028
7175363
0875253
87767031
4873651
3727253
73024190
13633965
26622683
0406900
45297002
30296513
51938704
24798640
100924681
67479881
35643477
0730185
30148296
32806152
65331469
2606753
3669254
72771905
1486957
1181806
113034596
1261820
32360356
1211296
4998141
8663120
107653560
10534369
24723722
1864306
27407091
4203191
1388629
90984841
0009149
76207857
35032559
24854770
69856486
26266323
20215444
45933345
1956995
0480585
4892963
93272694
93267526
1254832
1959236
18082743
0811748
13710201
0119734
0063241
19582235
2497206
183920482
22652640
71542657
1581598
125223932
0162017
23399133
1105652
24789566
0215964
1680178
0319686
8729244
0971942
97541840
1360944
34577186
33327452
22845310
24798034
94859983
0192848
114174865
0588578
0496862
89176308
0260630
0650655
44299728
61671252
4793162
1539149
7458478
23327369
2807479
67444596
150096146
1545844
0005608
1433329
2551154
2333635
126453299
0329014
2407267
35392114
30340662
23006296
8462712
18870273
34243033
73693216
6347267
37302560
111354038
67716628
15806185
76629079
4310959
140789841
23002129
0108410
35191595
14098872
37183395
62651665
71072306
148149142
0807015
20237701
106718741
33942300
6352402
116477901
25701736
1659468
24054665
0940950
51867664
147410253
0790100
1290798
90240427
56538804
10667952
144023009
89242499
28323191
16379678
173673832
14989309
1680429
2960880
83147698
35717649
3553497
110152069
72877636
96242334
45206919
74466351
20150949
28442369
7635902
0437174
105757991
32791070
136335759
65949318
3395022
7391552
101393783
133737315
10369303
22449970
151429796
18532344
3450067
3746748
112572685
143318814
7099752
32692953
41451316
2922635
29501040
124481268
24140850
55670921
5914888
2115725
69575104
109616506
13716885
0396176
0951068
5785701
117866497
5464978
1531304
0817648
101878650
5182421
4989916
20367434
168586248
54287257
41368359
36451223
2780810
25558234
1273434
17545440
0197332
1802029
19551213
26367968
94867333
28451030
81031037
6235526
21134694
2386604
44848631
10067675
5120967
18286617
26133930
144165100
60301707
14436127
64574569
3924830
13245005
19998926
0166585
100004965
46704130
112919122
32594482
179651151
105272294
1083612
16832277
23782412
115066074
71265296
26569893
29612669
108992172
115769114
2132081
1197058
29779035
3847118
12069304
6320687
0043337
4813501
35453758
115799248
63469855
1876607
1591059
3008240
3919142
8186976
22136697
26960405
3499632
34305880
39322316
25782067
67280179
15252933
84270612
108975862
12508806
2402868
68487954
88566258
2829345
128233101
1693657
20786443
135899100
129213048
20418844
13710182
1557604
0657560
112800152
37399670
40742899
49447790
1952798
0052443
23408003
0122821
0270546
11343552
24899688
44586526
81320963
48386552
99569741
56010178
2748166
41168863
79519512
8681887
77279018
19825092
1950221
0782359
118864765
0378135
9715638
0870932
124352428
0144218
1340918
29707737
108089695
34354698
0538348
6937958
55752007
51128642
65537061
29451454
0280377
174666403
24673367
32383931
12293674
39893060
8700780
52916602
0694434
22594726
1591804
58339844
69881787
97119857
1034218
54757473
5770524
56424401
34164014
7503928
36912668
2649428
3798997
29592278
74062084
1195043
113599398
41603653
12198232
53163338
50739012
7645676
140457839
147211597
98130188
87114976
55752801
0618701
3478561
2842845
6791815
0253221
163905631
72270964
19856644
46710322
5937171
15711802
9050312
79950921
26275904
0668672
69780178
13501523
23258529
62034261
62460576
0693731
16187352
25632993
61327404
12984720
69823204
17924492
23278798
54218453
122299296
24703983
24224762
36662088
88262270
155047920
0560667
105612473
109706056
24316803
8476476
11540056
5239462
27075117
1236052
143463517
23038897
0093488
7671296
8464112
25771753
17680432
4639050
90459310
35447190
139122502
0253165
35502488
36642581
0411889
0872771
17319804
13820828
64688933
44780140
1392272
1882260
160526672
1120634
32408400
27720057
22373592
6216070
25005178
75224754
2492980
129386237
168860359
19648675
67369927
66517869
100553306
22974473
108963364
8200384
4948157
5739326
89849456
5970109
126645281
36282912
119142520
0168240
50834520
36157342
45878171
2481080
135085486
37033118
32581078
20966213
107427739
32755696
61036395
2326544
0635407
27260839
10136363
36126999
0530629
5853375
10879013
1083280
14055367
90727779
0680035
157311398
2513104
131126320
57032179
46846769
6926960
65329903
58052327
68145889
30170352
125527208
13983786
46836726
2290884
46581173
113688780
71865573
0259267
42520062
23758725
14753754
130244882
2438393
0512213
149922537
1450498
99479950
7240360
0357680
1789588
126973385
42856987
24204899
4348322
22818951
3249271
86233839
15279470
129159873
25044839
111303058
35739059
1123179
51235794
1676493
26924286
1161385
28073086
9316417
20396366
62680144
11934404
73298051
121104062
5826043
69390256
147491668
19970931
89664095
23860836
59125019
9222285
5736204
0356393
22098395
1634796
32940987
13502386
4955354
1101879
28738344
70562355
33580748
86205947
2640825
35632128
21565115
46089404
2145622
119473389
0331289
69387088
25312605
92541988
2514938
22875930
68933656
11198798
14222874
33582329
65231000
2240357
1681020
82023079
10365264
63615642
45254944
113121099
52659245
82329866
14816318
70499932
2883347
109015695
0928929
1286111
16731847
36646560
24021020
23046582
34880016
76185256
16774730
81405421
33007900
27947954
3420541
121302612
4077908
1357925
0223712
0141523
124686755
89484377
60790901
11690795
0685005
163132955
0403438
23329680
10220128
0874430
105680169
15349267
149468864
134223483
34893557
75542010
4349319
3460685
30437634
4949045
103353076
12053895
95347527
63010853
0103627
83166666
1389780
94148363
159697949
57950945
31127244
59188218
27998275
0874825
14171505
114661224
21831072
2115662
33231438
0086727
50508033
49611883
10827303
5087545
10419693
63167821
22537782
35222965
166961878
21274279
105294558
2174175
75217297
0044290
5499568
135208570
52670458
25542788
8806162
2347533
5331092
22064842
0364938
56701192
1184780
83178856
0196301
19545968
168797389
1486867
59386699
2624579
0300770
23245400
3501803
25117284
62467510
26395107
24397660
135329591
68471790
15411594
134321322
32690122
0068070
19749666
20133717
16287849
3406663
77514444
16623680
2516954
68648939
16445784
30753782
0337110
16227477
66331513
4790362
1929238
2622319
1329586
142575473
0244742
98787367
28386807
159229079
1559194
10128153
9751591
54555524
37550032
1347085
20146447
2594882
57213624
14254947
49583622
2873105
87180792
44891567
2337635
36076190
47007091
165495053
92831993
48907210
39238155
30163554
26459612
17906464
30568440
12951823
24865728
69627326
185771113
3591695
0211518
9762045
129530861
54915526
10805908
3548534
21698068
0192793
46322683
40825135
0486116
66562135
2339777
2350989
