15633944
1101139
4025989
45324170
10072326
2930631
0805311
1722336
30235112
4566051
103537186
58063781
1960694
53260520
107093257
16226815
76835264
1300260
64990197
1651004
20902052
97774455
1093075
126830709
160087407
173278524
9565782
34176589
135505429
29447126
135406487
8464600
68577631
50923925
53220552
88443015
38909296
24880647
1231104
75247020
54508574
6132610
106055276
20757378
0008357
0234451
37737125
33321320
49407068
96866749
1223792
24411605
130765235
25194974
18093840
58066989
2497517
139560514
82015891
72682261
91088236
0158337
0233405
2548940
10977162
120321993
45458027
31140109
67801627
11797619
1630903
47190294
1946016
3054512
119297588
0504819
1086461
58733006
98088930
179916267
0751033
132555640
25501483
5448456
0681468
8549150
2389808
53405068
34677382
43108161
1868351
3661300
10737441
48426776
19289619
16092904
0970606
1583668
5170924
41827021
115995575
4038481
23606444
1580930
24051888
21351218
47200834
112209812
35778870
139159616
3656616
43819469
2473910
0413600
0067754
2740869
0635084
2116711
1178098
40017527
33561763
36133712
13052125
24178748
14684150
23081687
4190008
7651324
31118720
22596613
67848488
80448760
62746524
128243213
5536589
7892282
167588992
15881707
0496879
7390681
0393185
86924865
0218228
16684883
0955281
1729084
1259990
24730161
0768216
37216374
8842898
1138264
45967980
11009191
10108869
0982298
52218685
133261762
0957575
12519166
4796471
86551855
25866973
1755434
105772707
24543746
0111393
113093420
59221804
0581110
26068631
84948719
7601391
44847459
4117424
0120764
5760564
14938326
10648657
2510457
15182728
20687938
9956226
50144736
3027511
0843806
5941296
24557556
42927804
19765844
51563957
155954709
105408893
16121955
65818489
3556382
0147076
0461862
79904696
60869524
36654978
53352809
39660186
3853818
15375928
110324585
117322039
5182670
24169999
12091359
28810997
13412555
1240472
0430732
175384357
56913189
0600557
9749078
3512884
2054198
17148000
187867602
39219337
50292899
10202993
41414085
49765985
44243451
112464995
35187559
8004418
0412825
2559386
104186142
24779754
0616647
2968335
158537095
148558264
177140176
87384825
107953511
52256250
68397243
1873727
97262624
5283773
8573625
3346246
62568513
1557651
13791643
61770220
139566463
128444261
22423593
29409650
32386517
53545806
84525668
0326089
75756907
157510229
0289178
1148472
27911737
161557205
0366002
8772706
54453588
81268981
96842390
4034943
53649066
0097585
154335356
10354935
39177041
0722411
26722708
19567841
0276626
20151006
112228607
2280109
2177318
0318488
98058030
59974565
68491829
20671991
22487063
122938992
2812098
21353547
152188254
21102166
0405672
0336848
16750416
2205226
5741211
45580373
0529534
4397218
9479069
0383297
2450013
0120012
2504908
169390772
130332538
6037229
85009131
0060635
121302531
20197439
47147286
68326946
0147211
22802536
2418932
155616807
80842837
26814572
1380602
13710155
0625836
128935977
4631034
4946319
7420609
2091877
26260708
3485863
1053803
1154814
33554676
20751688
54251357
105357346
24785839
103561196
0524747
89122372
2581995
28317463
2115261
3010423
124198615
127069267
44562896
46146887
12904150
0543650
0370897
26949080
61948155
48601245
1683010
2699541
0195712
15225732
0463075
44716085
57025381
1180142
126919737
64004699
1275927
0186847
22778509
136505017
17722856
128107363
18837032
16465550
64820472
70216897
1232739
44961186
5218882
12259734
1902910
0439520
15725747
25204545
0174887
0460705
162035970
22198315
0912760
2733434
6505510
99829135
14973304
1066998
13613367
57896103
13491526
11168422
11926084
71275725
134802456
118797748
2167922
35430684
33986412
111412436
10053540
158686854
1424848
10392039
1235434
64356636
5108996
8956751
48705666
95570615
15625117
1458950
0122799
128121140
21387687
2553310
1899602
110496448
0358223
28290282
2418949
59109524
0171975
2954240
25169383
68173442
19935309
32320942
21199648
24378046
15822148
20539155
2829555
60465976
18696994
0398570
15849085
1923829
86851022
0085009
79809134
83707563
32371134
25550262
1159678
135210728
0124217
2960497
60737694
2608384
47625811
6563817
35574348
5383399
18517434
63021763
1130723
21200288
21382612
15656646
21398474
186922319
3881546
53369366
0271489
110772399
11675283
184380782
1078037
86498639
8481336
1981566
74007604
22056660
1846499
0150635
87974234
48735878
119568928
154032493
169425607
169412560
17817803
28566433
128899978
65182111
135082997
8327182
0659237
147825911
162036275
9519256
11960515
0481932
33213812
5150613
131007694
8485742
58639809
153898358
118798667
0128191
12246550
1497425
13401764
69876594
2148935
128637252
2790158
0812878
14783019
77390905
44740658
133449727
2653679
0256740
0809521
87278172
2262949
118025274
22710391
70384280
36005980
0408906
23623153
12671981
103624867
22204938
135660147
26889283
0149189
14985798
106240132
80344628
13517430
34639707
0254083
2470339
153995532
4586894
78194065
43462333
30711894
119868413
111851570
4484984
0624063
25865777
0963064
0465396
1817825
7634681
23860805
4037555
2701745
6677177
98169442
34067882
1912283
39319631
7076058
134584877
33171874
0127165
15203673
15157795
77818560
16755108
3519972
57172782
3734411
90716703
160694523
69930018
0112544
67523041
6376537
155700118
24265088
1639806
3476841
26783049
1550754
2291227
22079514
63130792
0783308
1096646
7845505
24743366
60937768
20766855
104692117
5611897
22670251
7546619
141976868
126767527
10751415
85732038
130812694
58137713
22287707
23748553
26890307
152624609
35342959
148558947
24644659
0426373
0554819
25183582
0650255
122402705
69336773
0068273
0643424
0386773
62363821
27821733
0168434
24663707
1562896
28793033
88192701
1103732
80244008
1140297
13335605
5139203
47369136
3984296
16929812
89418190
14815966
33673156
10401581
0794536
8398186
72560190
48939125
12968118
15848259
0245677
103439725
9931713
50816671
2020269
50790786
2353678
8528501
21844036
92040156
41254717
0770871
111181282
64667987
112613007
108500755
0241703
20364338
8244208
116062480
100697838
1977423
1103408
4859122
28874604
116786430
20534487
94000214
172243645
24177111
0428358
23061333
0868306
0151630
0273148
41670709
14827703
43326659
1631168
11163616
12266633
31232411
15078405
21373019
2660116
106304162
1549744
0210020
0160185
35551080
1715411
48717948
99064099
16163067
23205778
76804446
2057446
19822651
21811431
116439139
52750870
33575447
11353214
19076114
53331632
3575068
182041720
102381651
53083435
27789756
2876397
35958449
105889656
13228511
57834308
129732545
2903528
11365802
58329937
2563122
105948211
4196623
12219256
33645770
29071371
0220363
151567921
111844427
0372337
37519938
18395115
72821624
38380213
126494678
92346123
0917409
68743352
15347154
7868265
108176082
63915293
0528773
3134773
43905845
119709631
6718725
34506775
36040685
1847623
102636615
25186726
22186126
104060638
93843809
72316952
9091630
136568296
4602452
2374389
7982017
3406571
18425633
58370377
32155859
22666172
18676461
1032353
1614017
129204764
132288419
101780014
30722332
40208849
23886937
3166360
101512978
21671319
1859446
69100413
0317264
8133136
188215926
0545851
0370833
6491154
38566294
23331942
0378946
86660381
1691510
9558197
150049412
2276433
17163154
97599140
4985456
0452504
20345102
50642441
155089032
35838487
5176931
21114058
48795277
2120362
117724879
2863430
1537466
66492393
40671532
0306768
38653880
52274926
20219016
63506086
108592840
15311411
129048027
28600003
6790226
13308391
5394641
116702909
7700949
3483544
81122481
107941098
1926370
22690173
15780544
37353092
19463038
0156810
4981345
22898885
0108650
129718338
3492159
116775091
34657516
11330970
54797469
40860818
5572410
0107354
2262098
16945317
62086033
1949151
12904428
24735489
1954541
0457515
119777027
4591264
25607143
95509943
28525106
74360795
2977444
55143970
3347003
2031228
2073986
86320683
10165981
154067043
14031996
53066901
1224173
77085352
0753370
109739705
1939654
74792957
0956718
150232347
5199256
157420556
80693977
0041540
0125786
2900786
0317956
93290563
1324744
57775957
18151516
6358953
9484270
0570689
1950754
15241365
0127356
35632533
46948421
8183133
4405259
11004855
126244954
143377478
5872393
69584345
3429936
84963303
23968951
1251460
62154566
27281635
1698193
135408868
24088395
60885475
12679604
23041601
2120621
23348380
20376977
46155803
113714494
0062106
19252764
8286062
34073949
29283309
60102042
2080603
0935120
61527251
43297670
4293043
56490838
30672650
0099112
2944859
19932818
12307701
26652533
24021523
5390828
1065130
8541458
1630035
1078249
3447130
1505926
58650179
167819689
19539378
61558383
5041912
1663477
40142370
7664294
7382338
17478393
0329689
43332848
4591325
2447245
15611748
25666564
4990745
1657894
1657194
9079544
1007516
14439725
9295074
39502341
47704101
50417130
41957600
21343151
4846123
2396888
44516467
1924284
10693643
1127957
59743091
5091732
2688601
14020266
0225938
60574239
7241652
3313389
