59982920
2161196
1656335
46021715
17516735
143158350
46119945
23966326
58854013
56242817
0743160
7985204
0410082
2679645
22144939
3107564
0485453
36391777
30582586
22947066
3564718
0671533
65928574
0800453
4222122
2938462
3890446
0872211
0506224
17880508
72831800
95185680
98175388
27720726
22911648
114883723
7825754
40809022
96161916
174031136
36080668
4834714
98533208
13669528
1006532
100139245
178677632
1329809
8397539
2825823
27352148
2800710
15896101
9771636
105578047
8587040
132116369
39525025
40603906
39951573
24186320
147884434
2944637
0650080
27628063
118276035
19812054
0429405
0130224
1626626
30483858
76769148
74495081
48642445
12234023
58696144
156437613
34698512
44530120
0235567
143467924
3092605
23368299
24884343
0639494
53673958
0450000
156614463
14104067
105086818
0906062
5450180
4231429
1683056
52580790
19589623
36722713
31376295
99111925
77422358
71050727
125359283
63141228
3509760
62976178
97824140
69327394
1721807
113304588
13470621
75834430
132813939
18513955
119412102
24836685
66526809
86809353
34380866
58158281
93227560
19412054
4569900
1599986
114054757
1966778
86674245
67893357
27057325
13244864
1099595
4386128
19442417
104890540
2125870
3394600
1875167
0528116
153865919
118750880
1800148
85407135
61423863
19674934
36119296
3596158
25173485
89378501
108521836
63455024
9670225
29364600
19802590
14518917
1285516
1227862
102879013
0145953
22545036
95863902
74810446
55556788
97178359
55677001
64191579
18425624
3814756
82682568
112186585
53764811
0425546
0808333
2735898
1561098
1895315
50105751
1292699
66630715
53242126
37201178
9955819
89095990
150153021
57590728
134951119
32366799
66584380
1725295
91525120
24255522
0507200
4168544
52712648
148558250
11818752
22475352
2267324
0128309
22755762
28254118
19512082
15297637
1826806
8602344
2643730
1027970
5111460
19615694
25736551
35201152
37325203
26260758
76039080
1227652
135807546
70530475
46442435
111735892
48431810
2335877
58760629
59549742
51243428
54559578
37913457
1844035
36589208
73746072
90089099
25123194
156941567
111728932
105778855
23501973
5152832
2268111
1032287
1920266
109675279
38188910
0709644
47608563
55067712
4312425
68535050
23542897
30908959
56627532
2613952
21865789
4561298
89536855
2095936
15982536
0154398
1489561
124749719
71368837
3766841
4382023
92794314
10337853
26344868
116254034
4559050
57930547
50755717
22214791
5340786
27639533
4962245
18984807
15554467
3078993
20444175
24563941
86356390
4258793
1831517
4481708
15784317
3548199
29591597
30750998
0398218
4936871
114151474
56627145
55938582
2418893
75157586
23524413
75117125
4693233
7122911
3536912
19172737
16265782
20925518
1825895
77881167
94195213
0546289
1499024
119316527
53043285
88415535
81361933
41377389
56897941
125187549
11945242
6458242
0043324
5097696
0121288
12573937
111774056
53913074
65518549
7381810
0528981
34857808
25272388
44607633
2541438
0112817
37167843
38800930
2244208
8309286
21621894
1379833
0306856
171163482
6092277
9915417
58681404
55009047
15961206
0350094
73932578
24663425
153163185
20212633
2501067
27340819
34473908
0084421
1958626
35158436
33482629
22819980
0988400
164105527
50839378
9150199
22127803
1089356
63567606
10353687
15516141
4962726
130302680
20271416
2407815
51761319
100068097
0097571
21105574
16367420
0516627
16282473
11550916
48530685
14420026
32074275
21965134
10914153
19511193
2845477
19998756
10350035
2416543
30200809
0515246
1629734
111789490
122978303
21015590
0099921
35622195
1014285
129412640
23301534
6182023
130283309
18820670
19975746
51711343
0491473
4878570
22330956
0110569
112684747
144788528
1915450
35965350
62634659
28535671
82858048
44115585
0530229
46758101
0470806
87141826
32612170
0122900
3708145
33839829
0595398
0157120
163366922
4645329
30748271
0775356
147363798
63053671
1603851
23732096
3337048
36705189
25209048
82650934
68174755
7992039
120921340
26336627
34470271
0575992
79649788
0418434
20412611
26814612
62744682
29158027
3608351
4432708
134002537
25421663
0523659
32931792
6901827
4719092
15094503
30573402
5310652
1396271
43130871
0374357
104016776
4818895
3218418
15744922
94531119
35877917
3394307
12491759
49275498
1659654
57904109
153107632
1230260
115773508
85693532
22136865
57258777
0808004
66486269
20343421
42798662
47239420
33459919
2477075
94218499
1002739
10127383
70372604
7683221
27410619
4557873
4401104
72638479
51081664
1961181
111817657
0291424
69593850
1994545
2832901
47246324
0193491
15411494
0182356
47341356
9697417
100203571
69564870
0579990
13279249
117327770
19649944
115062487
51516898
3539054
1794520
1871704
167548133
46658272
150741130
1084166
46381818
105701180
1561654
4405474
99932808
0128873
0564503
69936800
13305741
149113092
1125555
4900334
126793910
2937747
188027721
8331804
7874238
9247554
1298410
37920803
6224065
9597509
97969940
131720348
59720369
78018459
10206389
146107586
0663392
0044361
42394826
3882858
64284150
1484510
1508205
102662489
148667017
23307969
0540774
0128180
2790436
167873019
1398234
54621033
8063829
24296215
0579130
114345009
23109884
39528217
0181421
50369350
1826905
20780787
3626328
51038845
0244361
2519082
124303934
14693276
4236962
13661124
2899088
128470778
0876919
4660493
4964206
70857921
12942688
54318596
1166241
25269607
99965491
55247438
25858904
33372039
97559275
23807550
19380012
46466923
36090889
2684007
3017939
22587864
82164802
0799305
27404695
19673658
19146406
13396139
1773739
18004534
12038036
117362250
2848035
4732085
0331880
1224222
1622888
1017285
28252842
59283730
3170992
7446019
3419864
1676317
66338122
16368814
27584357
20215311
133957606
24259080
17143893
102601261
0003696
1427745
2498078
117768316
4251623
22813454
1818793
3808410
4553623
18345908
38272048
1412423
175344497
0071542
1584262
106818817
1485070
3718278
92242939
50087422
0171568
118871818
134066536
1644414
176049739
49730933
2010117
10585788
83378557
3046528
7307091
19097486
2111911
13517437
2645244
184242973
1798212
11597946
48949810
53965537
56582969
0647675
24420490
54980722
8827852
88575944
15958840
11587785
0267771
23675942
22655398
23036479
24364152
2963685
1656528
154955424
15367780
0865138
1013606
38002616
56618392
1854124
17099152
26089989
66895365
26414212
1579118
88259273
131319511
47239935
177775066
9830389
25163958
3885828
1645083
2948221
17938643
12158382
37899950
16117698
0915482
0311155
0450873
48607443
15316091
4060420
64364637
32509708
73524688
19475140
3599111
1259335
20372957
1182494
13343208
1084552
16981622
26361442
10554699
5453555
47665329
36896354
56614568
19119085
0508409
7378129
41253443
115883913
31311049
10005114
6498856
13308369
10848619
22470750
47034399
43468712
12674388
48573956
2016214
0288401
35152181
22979455
11918863
61741653
91856549
1152900
2423505
131826264
24108653
2626660
2029375
4055555
4345133
11275246
150483516
74732176
60480521
96255026
4255175
68990187
37693882
86027760
122603044
11446417
52095598
8104845
1837538
99078650
29307886
0008028
30284652
173490324
6798888
48599944
14544756
51343373
13852267
5169475
135206357
15023104
0491925
18969147
53415932
91395605
1838909
113445784
84444005
1052670
108198026
21841759
4376217
2123213
20483192
49883134
26745491
33700420
78663497
49603607
61184170
4028622
15313017
5343862
64573379
95741729
3882181
5543276
40532047
1246750
8901759
1234778
1504090
24719973
47290031
22930130
127483019
1367246
4504960
52057560
3553563
0127673
0157999
30329898
153398669
54012431
24268693
3216273
2481412
50443307
52484295
49076837
1483568
0814299
185912219
64763578
4115403
18832584
3671087
0033241
1280401
4508936
58678278
4751428
186467926
61142440
125670149
50020483
1717507
4597830
22017094
38133676
72923117
37255192
4717327
0165112
1854078
149918692
0278358
11194340
0351635
0776388
161363668
8547958
25987697
24121857
103367017
2116666
117571493
13496665
47530322
11924608
40701236
163114137
127667484
156439427
2828106
1704354
4702396
10279128
0458211
0823331
62530682
27136770
186824976
4356588
151621159
3535449
17997323
26064576
54312554
169688123
4758521
27340094
1097226
2039772
27587575
0637225
87099853
2950235
20700766
49488835
19661218
17511060
119836880
3134444
62971288
1857484
14881742
54012562
2300673
5645441
37405940
75979275
122038184
2642677
150246355
72614975
1850623
128231534
19408847
3320997
135618536
61537339
3769889
96574511
101778884
22586928
4604960
0893604
3975851
67635029
89295618
0445307
100082374
64669458
25378860
48324775
1507181
90480461
99148341
23581966
23862572
0330543
129453413
42725354
1076318
16161145
0559133
30872044
64426811
19860411
34781181
14145252
11765867
46163274
13953212
95653236
2427948
17736913
27456872
26877387
108444616
3924578
45741325
6614227
0647747
0384745
21218802
24852885
0917767
60094874
23454107
6602911
23543712
20761385
24529988
2998763
22971631
25374705
65496947
2453455
18154702
12966321
2759163
23681969
27888890
130916135
