3715862
7357377
0110886
1852351
61945795
56948422
49494258
91632754
69360590
45288156
1561855
0394959
78543857
75986004
0348136
15279309
76490388
6873646
0181954
2326943
1751443
1031563
116116928
148591373
106500578
23889891
88298937
16968840
41850366
133685955
36281388
57657725
38716847
32221065
171542246
38592222
25227750
49658169
7926084
20204809
28787449
22969565
1281264
116588890
2046536
0863285
84513536
0363752
9357951
0108660
41590066
97378082
4729038
4745209
33011277
0694010
6925012
186287723
86821570
24756948
0599715
1232267
1566224
129645220
57949699
6716786
100152440
2502160
23640590
4054737
36590949
19575572
0390025
41628711
5641239
1150907
15036905
0582337
2666766
5168957
83289382
36618068
0147433
31273871
23057978
35388412
12111484
0364068
11190785
26244626
136128222
4932862
122288273
131134204
60035891
43978444
17304776
25255776
24116355
54151861
1901906
89532114
68432591
122073989
15971995
19310503
11116856
40387413
46356078
4803567
1024222
0848501
69684973
38857137
95153153
4371348
63526268
24533496
52819578
4004969
1385277
3132791
0831790
10824411
18108571
1301322
8625419
19541040
4899123
118732896
50526058
57033802
1366068
85189343
5242684
47247809
38543013
83821537
22813494
65990712
11312685
0102197
21021641
7669580
15243732
1222871
5947074
5991986
34540811
22795668
3045058
10534903
88863860
8473128
0094677
131938373
58240849
20327087
125028937
178711782
172333720
38378413
90212794
44359911
0277315
0579456
67040558
93389235
83588937
149673069
17074059
25003513
102184407
2867279
66095014
0433630
39744870
63278530
22402033
11057000
10224966
4657415
72312842
45592464
3524699
122680007
19828503
131181825
23855279
65212910
43982276
19849154
97436773
18802865
75013760
111679790
84159677
35357996
77641072
148551752
95422952
19979179
0380011
0104044
16765352
0841248
13577864
0908789
0347288
20206721
50332219
43560079
12252946
55301825
0360832
0445325
87460992
175500431
17388564
24824216
0360387
0198125
66160996
24383243
0715015
71130488
70591706
44889988
159444307
24264178
134224713
90512311
1934534
92705963
24128142
58852215
147674229
16112697
22349647
6016544
19559241
0441037
0417616
110060919
3266386
2936688
67021867
21328199
69216598
27600323
24309267
23005493
23905098
22602793
2377164
3443678
55727423
123335013
0879675
56018473
0110044
8093469
2480694
38069123
5448566
16569681
3598251
41242964
23879354
29409594
6642402
10362834
103821833
113208747
34997457
92852855
163161290
1894344
19312148
59061229
2547985
1436060
1544122
45292893
1411520
102494937
35507490
105165745
4615071
38522698
148557908
26237449
0664492
1955819
30718599
10252629
180005233
1093433
18077238
6200564
6670075
62542177
48064188
89561345
1649515
20917532
19551710
0217412
6909050
0781254
2247756
5616269
58825059
15836968
54981544
26991549
16619577
23610991
49842271
1849870
32305977
110708278
2644559
68852867
148567440
50659042
34282247
148240930
19062662
11984123
164804093
36317323
129702471
1283307
178527130
2067402
4387810
131764691
56107087
71672647
18188323
118583525
27537277
22865610
161226852
0391080
10212180
11738865
23093725
6411350
5667266
6631879
73545683
31652238
108912735
5161966
35467546
11813527
9227049
134308492
19562926
11714570
1606712
7147056
83784846
8621499
0020866
5779042
103801675
55099364
126363825
0095718
9760554
64156349
84915226
1098460
9230231
47349517
22186567
19586992
19958666
46866215
32627525
24026082
4208630
28485094
1246440
109188739
119634070
1542078
64985601
23403694
7629034
1560171
40530529
146632501
124564663
2237684
91506994
105274398
56522041
64420642
27418145
1544310
0487150
0324355
3435578
15791333
152275198
5622315
0976595
93980149
24754411
7480416
2129802
20413362
26095514
148559531
0967376
1693583
53481634
147659541
1206771
34994429
185238066
120636877
69209156
0556157
0279080
36976423
40395128
125049774
66269298
32490093
109513183
20018595
50420943
1325348
1872488
72340792
4086102
0584710
0588952
39324897
2622525
77992867
147286305
2553496
83974460
65607553
5540704
0860771
0266455
27276870
2532905
1104754
43529022
33534769
0336690
6624879
147296893
0101227
2052633
56022120
1416082
1252439
64655557
2776121
41711982
123610884
8152215
42717032
156243152
111658289
2698881
44743844
43980738
170549603
1328226
14217003
0909089
56861476
0277347
164246020
130110124
48282208
20830560
1684339
86534466
10250250
65034369
25590349
19021648
11103562
1218086
128873088
19175888
0500765
67900317
50324407
41140791
53186277
63413267
4168205
33264613
25985431
51934227
4965992
20703108
181962828
163031755
0456422
4079011
8592637
0807389
113576785
41911476
8921055
20241919
84700151
89218293
56488595
1179157
2615539
2530364
101224328
25330893
16763273
59287610
183457336
2761283
3660062
20874630
111220536
59295225
2109331
1178618
18191325
40719546
2246177
43909415
126927343
27615841
22489732
127398359
6019125
22761455
13477581
0937418
6866671
18671641
93365971
69256970
23833202
30692194
108635170
93761023
142985793
5730490
33943696
34159164
3767038
0445542
0475135
108151485
15706543
0384702
8874840
118384576
151408719
46753034
24598864
22763488
2208483
83711089
2401265
8352802
4486757
2086792
8725220
46926277
23178078
0134287
1705859
154238833
22336065
1513040
91473042
90509609
56193345
32464514
15043527
103585647
23481194
26073962
35824896
11307555
85488349
2086380
0931948
18881109
57194466
9593353
13440134
130100505
7497746
30771652
89246644
39687476
1805299
124351629
147933920
151108404
0881460
62144235
65224388
26958055
44398767
1223314
133981781
44605443
1715107
4714422
24678761
88210703
9780741
21905891
15366467
62280503
3917999
55249699
2440839
2932256
1637830
22710664
55763361
69423933
4481256
18827378
1163428
3157129
28076341
3010430
87683198
46779877
123030556
0808507
23577681
4767579
1561705
86031239
186211426
2093818
0112589
53956189
4317462
8400203
4779070
0173671
2262146
0886454
53318196
110138867
2556233
11745238
61231736
10901550
153117310
5906003
34800178
26392150
8352899
153264970
1573651
4392497
25180134
45667542
104189763
24308882
69834293
135738869
3433235
99892182
1360693
153256635
14352055
48299760
28101559
61303974
22730637
0174106
127283006
5242926
3304831
16499163
0308396
59895525
0738440
27348474
58898514
53488086
2466179
78625392
3503891
20948721
0330890
0811223
1834062
3785200
73554187
26344611
96882753
23940461
110455312
18910785
59191280
15910972
71889878
22386947
5016557
4502927
19705433
0610167
146979847
105593360
58962206
0494444
129785727
3513730
22611957
6762910
108942607
112649085
29015363
8052481
1868882
134973124
26489664
93640582
150278302
59680249
157131326
1272651
22952947
11332509
19040384
54606384
146330027
54489456
41691572
152266324
0417315
5111266
127498806
0405833
91744475
1543844
38084509
62788352
28531425
0368409
12736131
114189243
1622466
69866303
77944988
186194732
1544668
0082869
49049383
29479013
147500877
0422699
14885345
21556951
28981419
1545857
17320256
57248030
94686768
3482596
40315410
13142207
93526754
21692071
62679896
0360887
82413700
84522672
66306211
122421824
2280638
48964509
0232467
63988355
2154134
112985459
31084202
44441108
0205726
14318080
0413590
6782744
132353917
87524412
10056337
21112049
4978291
0699184
24402535
115315947
19511665
40798605
13263763
0503705
0325674
13327988
88836333
134048476
4229489
17154687
2385191
149691155
0902289
20989760
1705588
18700612
70878746
53114325
28917734
65573491
152921139
9523334
65621850
65906470
11466093
0219575
75252279
1971252
2093464
97769747
14847565
122271686
7591368
9694454
4476861
50209174
26388576
17326631
26868790
118335005
43772136
14090312
110220309
22527492
5300416
27249218
0328196
0387986
67532915
0310293
87179177
11641764
11868152
1426733
1422388
11811390
0640440
145884552
33900847
20371586
12821367
0460689
23056208
0583704
1226089
19937191
0199844
33097124
30992522
98722424
115597888
1184444
26821437
106936089
21696533
156288345
19192667
4320186
14672370
22983407
37228083
56318174
22183767
0969114
90764498
41594355
11330850
105144836
8879177
35904982
26601018
61033835
0547397
2285749
1696022
48337412
32239119
0328321
11776576
98144948
4025549
97613258
62329388
126510946
126024346
1885500
86850368
131170347
24678626
0224273
1950165
1523114
2299245
3475346
24305974
2425646
0290087
169413117
0733077
189908270
91565982
13713743
69415383
2852887
19510507
13401838
1972430
3565825
2726448
2302420
15867308
1139042
2429252
41936297
100798687
42009537
162378147
53315573
71656920
14184130
18755190
13178622
11684406
46443472
6943577
0091920
33824650
2518003
21069085
88721855
1992877
120443380
1420793
135575635
6130944
30890417
11225195
152549161
3395211
45725493
58045219
46214232
23795072
31779403
54558754
44577895
52551573
33139073
1876602
16642102
115822055
22875654
0151531
0600176
0935583
9908203
55939461
14181109
2100674
12464943
99913771
19136675
65112898
16841914
27854488
0200241
24145048
0200343
15087047
