0122436
23568559
58142500
117044013
1008058
98770882
34104347
133044947
60592002
4033453
167539359
29677440
24863285
0925778
2545355
75277459
21357187
35558229
47166428
45714425
25899033
92804941
20389092
0551597
173174603
19866005
17134433
129092388
27745349
12037007
1280341
69604141
134586077
0913687
32382628
0230189
0902607
6223607
86237573
160362442
92072279
48126416
100585071
67265982
43785052
131142205
16642281
4221898
131861662
23813258
79290981
70677699
190182478
32705467
34806198
11254960
105206524
1612359
2132872
120810511
6006851
113925480
25033193
89069211
17820266
0306918
50466182
130041765
66168004
26766553
114332576
42649084
130875862
33731178
154049004
3481281
36402707
12348125
52418373
58209546
107698703
1960559
9339921
3902260
11455987
86076903
7197636
1523913
1939245
63184951
172318212
17530470
35964775
179243774
4809550
43441192
20322169
56202422
53468776
26447654
96786867
1316245
0076952
2667951
22020389
18246891
23653783
148670784
63814641
61818641
72195193
1498724
132755060
2267590
66248556
17228389
77176396
9201706
55220283
0236102
2043734
9252463
6856187
94551008
163484347
23501644
111033525
148027920
4781573
17513904
2781221
4308028
74179646
23423324
11168195
107147237
179178713
0687538
0543969
65524691
0144163
33666168
85229369
9266822
12656038
68722929
44773665
3731549
1799822
3845329
1839817
0198744
61041678
37909725
155832773
0403618
6558348
0603719
2581298
5128684
15727500
27788938
78597678
0389535
1579047
27773897
25593660
87372464
128973795
24148552
20403983
29276624
112396536
83274405
2226250
15834195
17385640
39132483
78978446
54552616
2525531
2005201
8650001
45131534
4334403
28867855
19559170
6935078
0121336
47620859
27168615
0387913
53724581
18942025
80201060
0695399
50962474
21770263
0715355
109310769
88229690
126587010
0976212
2156865
55959770
98081131
54052826
46976768
103418033
21250030
124453663
53304710
10794390
63874382
25999922
5930934
64330528
12677017
15067074
26351781
21660310
83229765
0090369
2440691
148553977
3863431
6549116
56430674
22273874
4836745
47196478
1511979
1704720
58722107
45768616
72595732
5597852
98455759
3026954
36742328
18520128
180225102
2014973
0919231
2457909
2212837
0402778
32657577
33968533
20271062
29544920
53536247
2250153
1515809
2264511
36342651
25970955
53247418
89241967
19471720
73766010
57901373
95299635
1132885
10962105
158977349
3974800
46701522
123790307
0011377
39915125
0108526
1298641
22367719
19702895
13134922
1155711
2090327
8083040
130520192
20561668
51660985
5449547
73832546
37343455
35550558
26828184
146441721
16209705
118923247
27323581
8146580
47177801
0339588
23818479
1080086
0224735
61885953
136937275
75057668
26602792
10146217
18942465
26753189
3751045
106310822
7122936
146719399
6175956
15873578
32223867
0223392
0097581
13501650
2622897
2408400
0024701
0312959
59520423
72296506
2788976
124092887
28209803
30322182
20516234
64974306
0774002
92530787
13202598
15995783
1088962
25757688
64461871
13527845
35329785
27708259
3030267
9306786
12035240
9661368
26176161
1625006
2402986
95087726
25851205
103794614
158173706
1800470
25812396
1424031
1672932
171086757
2399037
1958130
19944399
31279758
61135834
2664244
23032955
92796658
18771567
0469299
135934507
79981635
39832958
5088814
0263096
11994006
2466809
1378887
2312986
56399659
39517558
55021416
0105407
30285592
0844460
23919634
16456082
100649951
67557870
2819614
37431211
103032919
0702854
0610635
60363542
80534523
2109995
58552819
0915395
31686713
25211647
37722301
16561411
19562762
104493355
0884086
2040757
3129187
11294027
17516197
83405095
148561943
57691865
5322600
42721092
5365576
28535797
8793097
123655376
19964089
22366511
1744587
1945895
0227583
19795644
55377272
30222350
24612608
19344848
1564373
21192197
1683999
44407525
2445125
14627824
27105204
27990294
0900899
127943793
33435744
80265992
3128989
23295603
149759302
20217147
26017383
149238741
70438655
134811055
5341986
2936851
10692994
23643210
135701911
1710320
3679743
37429891
55222591
5635512
14162307
93375979
74071632
7642980
129638473
1730758
134189423
1316598
134168170
40035414
17310186
86907849
0981899
34663279
24623283
2549982
17746172
70861357
33357565
3588936
19078208
0171876
24715909
66106173
1692956
0884301
28107470
39194981
44760071
4221581
20407710
124910570
10856947
0203004
163873997
89979354
66109246
6894488
2814525
0156363
18980028
1669023
112571990
18818109
53214393
129519743
54467379
20903189
27919971
132544926
1704170
70977263
30947999
11812154
58697375
10215257
148551670
0675482
4306360
22203347
55706541
120359722
57333098
0226855
20297291
126568314
31813478
57609329
61362930
33898211
88569402
58309242
10002497
153963387
1865873
123407262
1147858
22693663
129721247
132641000
1067842
64147180
105652437
3898070
57119743
17308531
23991256
47162188
51554169
0722047
21283736
104252904
25045384
87267629
6318122
49485417
62428180
21366344
157204231
6395235
94307790
44014008
16625720
19487334
28710667
4361432
4944225
18244116
2078544
11608663
186769022
19297920
5023752
56874759
95614121
8492923
20757406
2102744
125204358
37537671
19593018
188949027
101826069
72164434
53611228
93209307
137084332
0936847
87984866
17334749
23848230
0007084
1639036
70163175
22202901
90946878
67225491
0373216
4770514
44197706
5739768
45721740
0145513
8224057
23844375
0084060
148954587
2739975
0101110
56585877
0019504
42202419
17069294
0102463
23847349
62880559
19611514
0935178
30874189
126953012
26806251
32747672
91470274
100453299
105890156
19649531
21325534
11216674
38676238
9437110
5649652
25217752
19418106
25341581
16828983
0018365
3440140
88857688
53608267
40911720
54266568
66114641
85066521
65397279
62621710
61039659
43191296
21821220
122405406
49927223
2504732
111432686
23622453
74722669
13060392
14033065
16958476
5360095
23247016
5755522
115638009
85721359
1109662
36573275
84178681
17773013
25079337
0844285
37677124
38334436
22108743
2845028
109283902
51323224
46492147
5988430
0937751
25242701
76624458
43508642
17452122
1913758
22611417
22648915
11915967
45128128
15617605
28945849
0506325
105061800
38401585
0236432
2604768
35954744
69481828
0594166
51486344
0485484
12799414
39164736
1130469
132049627
134496369
79324134
134569610
6494793
35580728
40515788
10165411
36269195
19121837
108099712
58686125
28129161
189778739
11324517
40268936
118120269
127195167
4648178
2329796
0312873
0342163
13266530
1202952
24185280
165321973
101546385
119956828
90908952
0404091
22700442
1143668
35766814
98190611
17792836
154380261
0436800
0142642
67893908
0287415
76784321
6447836
122645716
98389784
147549204
13560405
65170516
36444154
1657083
22767832
33426451
13503075
148042367
13630333
2927188
105120858
154190753
26638998
65916112
45816106
10917857
124112758
30794704
1023810
56844078
80397194
1724805
113653620
132855798
1249215
84891728
33591976
125792195
63235957
0331198
21290589
85353724
0378092
50039681
0736738
0260735
56849942
175810099
0293787
22367382
0090625
34416088
0518095
7956893
0108019
83340910
1796544
1637182
11522148
0690838
11162805
135606739
75260133
19927633
66570934
0676073
24365498
0482394
170776558
166107941
1024598
15925786
0325384
118615340
56213496
126138692
20578883
1526827
4380149
3479629
69559895
164138021
64418070
3494875
0546143
46080240
82957716
8270579
33584638
49663963
0138697
77296004
16026958
0389827
22068602
188732721
79357764
53389013
41904930
0446589
103873960
17709611
6642101
59131540
0400776
6635271
34224804
129183426
83641641
12908454
29527541
17021666
45408014
1752019
118334400
10490753
54730827
68488098
5002722
38180675
65878131
10237715
99877336
23260864
0802383
2869133
89598012
4108814
30627526
105949994
29647165
13150091
97202141
36386184
10425719
18443286
1489888
63695755
47466686
135457261
0331648
157755497
97719436
69882048
1526531
45547209
57303304
1152277
38065785
41441740
23442151
119134778
1874259
0424375
147808392
48270137
19257216
32943336
0625296
62950847
1131181
0108777
5440386
37689446
166137442
21562150
28483191
26354686
26938276
0459431
12064762
3952279
0441698
7495771
96200761
27001860
81331625
4803050
13695606
81193711
11593671
4253219
111482540
57983502
40590576
146461153
2424229
100729967
124398456
16438694
58776185
1214801
9336224
3863759
103581616
4628154
78271087
48388362
55473859
5016986
0986346
2171684
2489497
20668297
8578616
22084385
26884826
9349298
36821333
39345001
23739352
7639929
2199514
47116934
77637195
83336593
114069224
24121117
51434791
37585281
2231790
50614763
64444579
71137408
0873066
35717158
180096079
1408548
102486012
132364560
0179921
43542824
21198710
0804240
2528302
34738421
1176121
74380189
0376591
52832854
0040699
65745347
4057157
110220393
108996652
60789395
77191573
60861094
33418961
7195148
3327968
0556084
25258216
126671400
17139939
40206081
0610388
0717341
25353343
23909420
5150495
82755081
21174904
4046921
25414783
82002563
88275816
131697180
10321990
46103941
3204372
35706992
0375325
