0205392
60682837
15047418
133980213
52232965
12839255
9056981
16527150
0795416
103292207
3157328
20945239
25054009
23066491
67095934
72439859
116008785
27059799
70221359
92320968
23682131
0188359
36744375
30841441
3820367
0129914
51725613
118291551
129070473
25141868
23631857
12131218
102276502
131070691
0451316
85191888
23265723
54881409
0145934
11282350
18285110
126349969
1835873
16351581
17548749
6504647
31117020
20282318
0752280
11730959
0202823
1092010
64720090
43251793
46603290
0722144
1859548
0656755
28620679
50105042
60500991
3697907
54628410
123203865
4875645
144453486
4387811
2325538
21160394
34429468
47083226
102635705
3090821
126620842
23995436
3106268
26167884
178015692
13075172
187233070
5766743
58906673
1157752
67838339
42842876
41540206
34060896
20034941
8440369
0843641
22342972
181677937
100710743
46944551
23945339
0338145
129332424
41608946
104527129
1275501
2237761
0088550
28405613
129143192
34396905
35049129
0305525
22347571
24473624
35161815
1285432
17753250
1781873
100747366
141831805
0352138
104432477
26436439
135091715
1866364
12247911
0387961
71937435
36405157
5937602
0348687
1339436
0245148
0385334
16262106
8855131
1010608
1993991
5483103
102974747
4247085
118598340
129256921
96219267
21690525
34358123
130303885
87442593
26306025
89645353
0303414
21202322
111462002
6663665
8283752
47408910
66236069
1845021
111551833
75841635
173707775
2071359
25940454
6973244
3336053
55407416
63956097
19920464
97413164
128748737
56703480
148556330
43783714
1199871
61578123
0115294
1103797
81151113
25366278
1195986
55484987
0637715
156441404
0064529
8431594
97846363
80014381
0520304
27636909
56504906
23601608
35834270
5067987
1177880
10835489
2579546
7634194
2524754
28451024
29814570
0923815
0215625
89726950
131110417
115520655
3853760
1114645
32218087
64439742
112344363
3993003
58860409
8545594
66451858
27021100
34946869
29813599
42887571
2275832
0237695
4278199
22227143
102927903
3286495
166480581
62170790
0398790
0195114
5466406
90868255
22928405
3262268
26758735
90782449
11022644
29887273
1660986
9946801
44576452
120285033
120485733
93618065
2012260
1039570
0269544
130286340
160276179
54084223
28182432
24545378
11710335
36933490
121268962
87812571
36030141
3085008
4027771
19409807
42279689
26120957
7527140
13063988
23961608
70302045
21824746
89119189
24471020
2465830
3636427
0184697
0449887
53998850
8849996
43321101
0273608
19630602
61206594
27155995
18759578
1422906
77212199
71145891
43805933
61939292
111086750
4708706
131816692
0924446
24453991
1257836
62432913
34338778
75319436
70118515
18494184
107448545
4402967
82257418
0152406
51878869
73614122
112397613
118290326
0962765
0735749
2725597
126215988
16743694
2309710
0976110
118128668
134817218
0215198
4657949
49062807
16769592
83467362
54061031
1703338
158122490
87635987
13696286
3533665
110531948
80356920
87094562
12815478
52349757
50453970
68702402
40186648
1838733
63475960
22626647
126053143
8557702
106893032
89689690
0307215
152363444
113049044
35737387
20049805
55832546
83881224
7286303
2191994
48335497
89946909
1126482
0568099
1655272
22818246
21100805
0395773
12239684
56630557
10917976
74562280
25497641
1268576
51009816
4593705
55871720
65737101
54091003
14753308
4190086
26307163
55800352
148555612
22254999
118747861
98843490
66958127
0179669
125303799
20648373
1978723
1354441
42348223
1713651
0029876
6181080
9111384
20812563
130650479
14080241
51094543
20899235
169951808
0359695
26523223
1059352
43731231
25096211
81480944
3934833
4217639
24285129
0297702
96405848
1902351
63202799
28778230
3842813
48484992
70195889
53038282
15787288
74948321
31745086
76588528
45354055
57528349
85372599
1300685
109792351
10818680
78461478
0537348
71266809
2002433
10802235
27874480
27998409
1722000
5434985
107152018
114865873
9000649
42959912
53891379
147262110
52920595
0122030
2884341
57468785
107289017
120308238
47063365
49897882
42908740
135082470
26683688
18123905
4470079
2225144
9804495
4771887
31346560
171614576
26676676
8175153
186825248
1402670
29742166
21376184
25967074
31199469
24315319
0014251
25336919
20926674
0329035
38732856
28465251
67641546
21936446
105821087
0934767
10416489
59350874
24408583
174319635
5462571
16160256
103859401
21412503
30187867
2546575
6620237
80324780
92958924
4266210
63107660
0252751
1533931
162191443
17427641
24025745
43502679
164685539
0370312
149468869
29095618
14111165
21054957
42434289
2557637
72746331
1628041
171304768
2024289
116588174
3606495
0816924
1664026
170599265
84148559
163865189
12105973
33565417
45657926
34887207
14869775
104056887
0288991
1388651
0980849
133020241
37631450
5273327
13244651
0181130
1700240
151651086
1844590
4848723
0553149
78100583
35598040
33468878
15161948
15523543
60913892
111767858
49705113
11509964
23757827
4767539
1187521
25055793
0397507
88687336
6083849
8268523
57395599
90570240
104281951
2815277
19112940
24818790
151599296
108193570
14447207
11022167
61870443
18667844
1462066
13207353
56061462
86551438
1746206
23433714
0430992
64601094
1969937
5243025
9774317
40860844
3222458
135936748
0150771
13257832
43191400
31889743
0246060
4695900
95100647
1674032
7283366
67670612
97421109
4349618
0423533
0446812
99769115
9880107
0759843
32075872
6129622
133358592
0451002
0196087
23401739
24420054
10129647
1568259
46600384
3332556
0109306
22799906
68133705
44785963
22179204
13272298
3672652
41999097
5350776
8145393
3916161
4819630
93700877
84001209
1617321
0139652
13324084
9472592
0604677
109021730
14232174
97102254
53973309
54984990
7859233
29551135
36254608
1255480
99575030
91872745
0840977
1193378
57388399
2434445
4587161
1185984
8588835
1889366
1888258
0850145
118805872
43308331
56285344
4274455
1417264
130640450
21850807
1414620
147771324
44547249
118486041
89976271
78846746
2539384
21350968
8242258
36767655
7105118
133134568
0396867
180779993
115424517
1397449
28810149
125012739
35857287
65211374
12114983
22773767
23850265
1540270
16334645
88083968
4999755
66535224
19655081
16924960
1498700
66491274
23222147
85491824
32698213
67369511
28969856
28373229
8383357
12679933
10130339
0188894
1275391
27509304
130287861
0391732
17343220
24342795
16349863
1269973
13849221
84436923
46539167
36855128
49577161
54368117
31087167
1757659
2966459
1583645
18978508
1062346
49392405
127349489
44021861
1857644
13485904
8725250
2715405
20832968
0789986
51857449
2872988
16416022
0819838
14110472
127345369
22012998
123831522
89039125
22429727
2725477
111443559
21237778
116047479
0687992
1101405
21810909
21183803
185468277
24155408
29701542
116828697
80517333
56986507
119097349
3493032
67740166
1808034
0386527
10327852
88900708
5504231
17927137
88854575
120362863
60845189
63398613
0762510
127667649
141340418
23079969
24705046
0082556
50358265
44466825
0819827
0743890
16805098
1432936
50969291
0201203
50197616
90253449
19538543
96353299
5484298
124136258
32985594
0308033
23613276
111860821
4777585
47232385
30378836
50853390
0142438
22204374
0177040
21904693
1919149
2044223
116338042
124945336
1933490
155868227
102694028
0142265
2507673
19922705
3373703
70343836
2591501
29648685
31943471
2472494
65138158
16267168
16759555
2741645
0152931
11627100
5237850
112333758
89944726
7371611
54571065
88298470
32691644
16608481
43063409
18601083
95946815
22275950
88813056
0902550
75531066
30689701
1601512
37546604
30108758
2023208
0086557
3082265
0601041
52577679
24789040
132685317
68831259
0428180
0942866
13876601
32272037
27107917
9528159
20677829
15339371
111843374
83679347
45198306
120976232
33256222
123319991
66542138
16112113
33312034
6503875
10862712
24891369
57306456
36442616
29074919
53968709
15295998
13598080
10742541
0568902
39634854
20753333
31065051
20327385
164039528
24766615
0289847
3115406
0347021
150327195
32077143
4290397
1142513
51281934
2531610
169236511
0785673
127683573
0348095
0555193
58341098
1263651
6930115
0507257
41071833
2291197
61675803
132826048
0378997
0114791
73047037
35192601
96912949
47052791
56164780
26561494
0947174
14835785
64208858
4452141
3664692
5706845
1048306
116627880
16117882
28862870
1474354
0988979
0857077
45670466
1429788
36216133
1141765
82766853
0402972
106676202
130029826
108981058
2085374
15352455
150170271
31448589
1160120
8599772
8837090
168351103
0217457
33486821
61796806
73410090
1746784
2764251
9563484
33120347
1532669
19898178
16715887
103504385
1734035
13603642
2627578
13233680
13557930
52901434
65741406
163746716
54800458
130530386
5610354
25477945
105035686
40547112
46803540
69065143
42907324
125774326
0245318
106184494
1374253
0103238
10616061
1456381
68253309
4992836
0077720
26884462
79851713
3623568
129345401
100127412
19900096
1050667
124984625
55422268
27738039
0533242
59862675
8109526
0586741
5752489
55156122
119773892
165311871
46478224
147219942
2515713
17855566
5290957
8171181
23287167
120286556
74467004
23773823
1696484
22837090
142489077
41650840
45510770
4484856
1216020
