2880538
5155290
0781142
25905339
4261255
3358681
1143305
20015744
1305369
2113149
1077537
13041457
23288090
87034962
18435090
3868056
64968709
44063460
1857882
32848123
54863372
12176934
2491679
101500698
30906305
6045054
24291281
1665214
0328956
23941244
9706943
92339894
24883751
6013057
69266138
1720270
97180664
136470647
31522749
0961005
15993545
3990503
31081933
37155757
19163719
7213741
169920555
41525960
98940818
13273426
62007945
60047445
0191264
4328266
23442221
27200575
39043979
19496306
0488689
0075496
23866455
7768731
133688891
46609996
56439060
55612898
2124335
4794114
12320046
0955440
47337949
28754545
134801744
90401793
13439064
173700210
131868421
115111223
2950971
12802695
122689304
0291930
99902383
98105614
11223060
67337689
9186851
4383254
53020150
37312071
0019839
46716897
0607668
11035496
19859122
126305836
5538267
57727538
2488866
134702711
10077135
19808372
26347617
1058287
17592197
47488847
25571732
51479847
9992892
0241571
120295720
127857936
50942177
23717518
0692488
0641205
0597331
33152566
0772122
10280416
53803607
52299711
170627153
125348602
0426965
25495599
3962997
93571213
3622352
62910059
10504291
2581006
49095108
2467234
67306446
20094716
18283107
22272212
19893081
44112735
99968942
0764629
189318085
1211489
78093358
27564841
1851879
60714037
0172105
37238574
8143766
5009475
57535330
6046654
15451692
0806695
0257686
6386167
68628556
0703610
27070234
42848251
22107630
27141523
87701014
1680684
2440877
19587766
1028457
56872928
78559004
2722583
4172474
59184301
57745168
27303899
0638297
1352791
20240022
114124472
1490772
12924719
0256016
57241058
23169472
22730503
4164293
40217993
22946323
32080336
21126612
34781651
19826231
132711571
70234975
1224109
26648893
128849666
0141395
0148876
2942718
19868562
85820788
58612729
1223896
61435605
38396245
24091740
29285342
154114668
0510715
86410793
7755930
18737287
0767786
26451776
42023274
14889341
10882530
70348148
0929215
12259083
114602934
2404110
31772341
7179350
0563511
50943325
73072542
133252559
45974197
79131474
45494843
105612963
41875983
85668225
2500392
12045476
18423640
71660902
77730106
0685350
4138301
114223813
23475650
106323743
63213077
24553935
2035932
12620257
2427326
29820914
20878175
23431310
23495929
0441150
1044630
89845801
126148807
56707652
2061382
102296080
0794864
53176211
12178162
30334561
33394394
152717220
45179978
62727478
148553941
91536317
1265112
15840588
152058623
2268446
57992736
0498324
70556278
69197324
160812924
2541372
41102004
2080151
23266168
54303001
16504382
6579682
90165997
3774048
3514377
9903662
35047066
24925987
93579198
47984963
92717977
22545104
21383926
85371862
24728245
161127690
0313223
65505616
1356898
116225118
2141867
104323905
26409150
31832490
1825472
0166835
117864793
35366427
45068941
19432906
31950314
44550688
6587578
82222673
9049695
1613666
67909430
55533321
0880791
133497659
46895982
18404587
37386951
1025349
4999220
11755233
42413211
126743146
9447535
48311962
7060108
155495833
83714323
4439949
13930688
171152070
12316549
1399515
4419145
1049844
135171312
147673559
3439729
1584735
18607597
3396629
47744335
33482504
60964366
78796363
17830446
169125807
2319073
2835518
165381846
50761397
0582720
0975103
1599758
134090963
60548808
120755546
88276350
147170031
5432595
117824279
22545996
60078788
103943826
29136484
17904309
129215936
129917460
102202945
49100458
69910557
68519831
14745167
1225556
129595267
0143428
15855020
4855728
0387073
10191120
62064089
36107516
13967026
2031784
94593174
0166797
2755052
140418028
25759677
5072208
0075285
50423587
5291887
2668683
1846250
0057614
54679757
21400226
0109347
0387041
22387209
0349122
24668837
30899304
20616115
5151340
1353235
172743250
125863298
1808594
64890215
22333159
0155677
1687470
11040124
31432279
103020783
0790502
58308730
13147834
100785491
118126145
0638135
9541773
0429258
153802110
3426581
3414778
5185596
20331777
16351487
33149910
5886494
61084415
118344841
32418148
0702491
1410259
3761883
0860294
4514051
80360869
24129824
0385610
113548059
6732847
0064937
0200629
22189599
103020697
24561018
0272784
62438698
58600739
87042131
29368479
5802620
0995072
3304375
1107378
189690955
4013093
116879825
104505512
0144941
24706112
14090855
54024654
2560631
24276055
1975457
7471290
25617719
22747694
4818199
50726606
31417701
1417825
148554556
101148279
26743891
1406078
158193431
68559793
4411034
167581580
19947688
1007478
5317276
2757444
20803590
19093316
58513566
14940942
47773894
27690337
0304248
0202672
42886842
32583938
55083226
55544509
20139649
29123429
5228594
6775118
1511290
117314652
81521375
0578223
3955816
7497849
0491990
130152565
0319403
41369458
0329513
36199884
2979628
14546359
61691810
91398112
116104193
8646594
80339596
9681406
54684287
46912023
69981981
0396840
3771057
105320229
1448720
1817425
85688937
22385618
0088752
105440540
9730895
83797942
148561372
30799449
121887525
55130671
17355500
25166475
19529353
109710433
130208260
27560046
2651360
120124535
67478381
7674052
0651814
3897173
20797260
18041763
34454606
4405625
60892156
3667536
1478124
107193350
2343210
32524672
18422429
102191165
133427080
61377763
8535630
21212264
10323328
23132124
53309073
3808210
6184154
33700770
123875209
153028806
35291429
14610264
168424441
0262108
151457146
0941327
14732427
13082414
89969451
0251189
50330006
41313464
43892996
2976262
31054012
126683524
50065117
39741694
0461785
61895486
149837277
111446817
24220562
109569064
184419996
23946350
2478044
34713625
22641143
21274418
26000164
30261488
3390886
22533153
25553831
0641970
16145185
6912311
0120249
17749794
2746142
4566242
48004330
11703723
48258562
20506225
20161316
135540260
53335136
118758412
16337980
0041696
0362776
2087784
5162827
2943514
1094017
20395522
25193922
1561492
2993700
0377987
18279199
37757047
43867541
13058912
158148139
85554746
106003672
40402634
20476004
5944168
44365944
6069934
20798520
0821454
1687020
2057229
0712102
5801780
74848679
130307939
184993193
2584988
106008893
67108947
54312746
26981998
43252987
52448131
8901264
17147769
57245943
37651107
4502540
3142005
50582840
19733332
55023116
1788007
7198267
42140357
19482100
2455942
110351314
55785962
114667321
40252924
1427383
29049567
166315279
51706885
104062880
2166095
130818342
27328653
1527661
0446373
1258799
10132708
0145323
127958728
24083801
0132406
0236573
14344248
10090149
7881750
26231626
0325649
45728740
23207216
22036997
138347367
69971886
0762357
57546769
155210218
2930698
22948034
67715132
147412102
23491446
43980199
51665096
94098801
12912393
47728605
13525899
1985734
45375884
118424995
0751007
74444753
4850877
3131210
16375428
0014491
68339242
16433562
154404809
146379923
24113543
21888108
7574930
24234442
42270186
98437184
16911899
89017424
1453888
3755618
118227718
44914373
43815918
58239981
50779990
129881261
44219293
0429730
8054500
1637037
31060880
80259694
5085999
0685085
25514008
1082838
0461352
51954237
5233953
72094964
1330031
89595918
7610048
117184785
6903739
83306436
20773662
34251721
9311245
0176226
21160421
102312494
12915260
2187192
57953330
83027750
0155300
6772343
1710387
1941076
151430941
2471656
6896948
1576815
131412113
12946345
1427530
11302093
131564977
8841454
5454673
34697714
130447768
1413186
63311839
14210425
16616139
56818941
85906342
16193554
18030930
0817682
149919147
6389413
8591713
0716116
137061126
120253348
1048817
29065405
27434709
0569853
12488642
2101503
29413211
26141060
150225361
0807763
98906416
40798850
35736068
0249272
5232217
42210406
32838710
68892660
0209776
97397675
97652531
121018220
18477090
17791990
106809942
136200129
9689628
32519942
2700570
2363815
26613326
20760363
50647419
36932946
5503907
57629230
29796348
22016379
84971231
24646348
58650561
65876717
43723638
20857514
47887438
1208021
69428126
34276624
26149494
0321616
36337616
74123272
11244411
35155382
55021999
0136875
0296971
90951737
22612694
0522436
0346067
24512948
15925937
24827643
2164683
1499091
153187233
0182628
49217757
35028596
13921769
3137221
14915717
19978325
24411593
58275434
0795599
2375473
114797712
2466487
22377703
29445380
114820150
62927013
21936597
48053466
56637673
57905055
40172340
16385474
112383227
111140779
0931671
148553959
32352844
53471682
2607516
19794444
1247623
48441966
0841228
69537263
114161975
88356382
0161663
10021648
18874471
44356709
35088103
6433671
50295429
1664029
48981195
39502622
41887444
95103779
55689614
12740916
0155541
48196796
23727458
21933298
23516752
29043182
2176035
25547027
8360433
168620013
32096007
40982323
0371473
130713295
42276002
27538603
11002600
103237045
58154222
26443421
2726231
126759985
5507071
47351582
115753393
88723940
1144065
91681680
35210463
128097178
1679132
4627987
10960852
0976796
60404041
22629485
26355589
20663975
93457979
55043974
0580721
19622452
1584014
18561895
0637248
56602363
0403812
54945438
2882544
157695834
152880274
