0648090
16636166
10938849
70570547
0234686
48395093
36163623
9874496
91222832
112135500
46883822
22676650
93269852
170044073
39682829
28084565
66293263
24335103
55535628
17087537
87491363
179078476
0702600
161089167
69442311
0218174
1473800
1843183
4109341
26797695
19545244
3095333
10885787
3954647
0449333
22026980
11523386
1503721
84274410
62350901
2383539
55616552
0354302
40879413
4135196
14777250
3891109
3368096
2403717
0706524
1449065
64009825
119136193
23987727
45521434
35666418
33353480
21032617
22982565
5835333
2249384
35523131
1186284
0290773
1601306
37197568
10773501
4707550
12032726
3153189
78742577
1038714
47221000
0753974
146812655
3961523
23932395
121207678
157001005
1677487
132575233
69685558
93947594
59922576
115069135
24395686
76300563
15667482
2314174
2171037
1791206
5364135
27853197
33889218
42778699
1910712
81026479
51246166
19719748
31518367
148551170
44309825
36298385
94115942
1859092
7141770
51539696
0356213
16875311
74449206
2945076
11827169
8456780
85483078
5536679
0177303
0303036
37607487
0445179
5322308
27067333
0830251
51743781
9321677
163396313
3118126
0275313
47227643
55606017
36070021
11069972
11458774
64518316
22569942
109113390
0360438
183639873
2801077
0212938
0201141
85803936
43744756
28441300
93366204
183518444
23309467
0464678
0321318
14654232
10793123
20856985
67121404
11260345
36144217
44119655
25036517
21672273
63193893
64503188
26451847
20337381
82023629
29868432
0288117
16817315
2765481
0478209
131966393
0290049
52988872
41375128
107596887
4604322
43102353
4388002
2300696
113010370
2815064
8251654
3925228
4953900
2495994
0319882
28200382
0380178
7615804
1839151
7014127
92760403
21629079
56184826
1529775
5171916
2228260
143523877
2308509
66547746
22778387
49875864
166868214
1972481
90791266
26235449
39199363
2091213
15510327
8532826
3446735
34861625
1981925
129171451
0769742
57704878
88736167
21902886
91764431
122504891
11953248
1903483
33146082
25825296
34193120
38496650
13452122
59313607
116112390
113914751
0286375
1772198
101552073
155927612
1541173
18941631
61747040
18258873
0794680
5231539
27600271
93008891
21325044
1379967
8488519
82671891
18847288
0215473
21146521
169426812
0382813
0202695
60849844
11504073
21950313
31786421
2716017
125543747
136064218
20531824
23897987
35586085
3942316
16352439
40978149
2105310
6618228
125293451
4605998
2335870
0619222
88744501
148555935
9564002
1298974
34418429
119267943
2803660
5102930
24575287
57032287
11851206
0059982
29018740
3436855
8937038
13908871
12887222
95292074
61665472
1015444
13083177
1624054
2605002
3086526
80898013
18061375
1814916
0227077
5038880
115242268
31200811
9968680
0305324
6503895
0314279
0008200
76153755
44741668
3945146
1392078
4305556
0375636
38504721
0718734
8629686
52697098
2937440
128562289
0283940
1961684
3309925
149770670
1631534
92888544
148551759
27953094
108242918
73553020
0767781
24310671
12524588
1393018
15429671
0653490
20985093
171152344
3148841
41041016
11839633
11842753
68947849
75255018
59369147
168609706
36746357
0671675
16552598
3407758
106832942
13558448
20061234
42827612
0193981
56714702
11658082
0862576
51992422
5472158
111831007
4530375
19281401
26466088
58822605
2585558
52504392
27559130
112801762
48574832
2483668
108154565
59179696
1259344
44846318
38205009
118728304
25359976
37533408
49749887
67786250
91679966
2757685
46196336
4842102
74248256
9631726
119772136
2446936
76355285
3833800
24087937
20241757
5278679
34851120
0573973
13338431
176269297
71595981
20886638
75288283
152194078
7059410
45248334
0142912
15881532
1307096
60204608
13234010
0612225
7165684
118165039
27968616
2478070
93919419
99363582
0352610
49388698
5189647
57841983
44169491
7405154
0747543
15248953
129945389
1350313
3841657
4866830
1749238
11405854
135344951
75811502
21874247
2149556
42947967
0944985
12249920
99720595
10973392
64814594
60763988
7903891
10430003
111762084
5340442
6260221
22141518
36113359
20165995
0024463
131206420
0323963
95238900
10022051
27755296
64803376
4691214
33770609
44392923
97092176
129925438
5430015
166108602
122983217
4796171
114433067
1483091
157907000
14093024
0138682
16337900
6788019
163130773
133754785
3321740
1103298
99059466
47836877
23888008
23475159
29152987
0602789
23456758
2678573
87338227
68103986
3660091
86560510
18646524
2445469
3260904
66959411
31638149
80817942
2048281
0638623
29062106
18293287
120895496
7786035
21030723
0251692
3363986
1628323
68891998
43151501
3793011
22563698
24147344
2836530
15383817
1434058
14148014
23107479
98074583
20543907
21266044
83067414
3270789
37534698
31755749
97626039
0368510
7885609
23160079
15867248
34776315
19362373
124060577
22138243
39953227
1406466
2482401
124932866
120869786
18315394
0691927
15454487
13044422
13930515
12960252
81138949
23548488
128155547
14734644
0231224
129429867
46911987
22233542
5284371
0878589
41317483
9495897
6729292
80673575
3051873
97372798
19935607
81217322
65525241
36118132
2951639
26662217
57554767
92314929
20106802
0928930
17048662
102923398
98612035
39017208
1762068
56870912
66401125
19929268
16034348
34276159
2264909
22982107
0562762
109205336
74630081
71666694
0663747
10198086
19850149
87987553
1635701
98770848
38132365
78070657
17579682
6244428
1792753
11389370
58898824
66027633
134936553
7183139
6624649
155503331
89395214
27760945
1588381
48213195
13459782
7295918
162917224
2734150
0321928
0750057
1346106
1070300
4780563
59840143
13217461
3190805
68058476
4070190
7231947
132391170
18318138
0147735
82245458
38187395
34269314
5727523
0369028
26911481
79322988
8743892
68367632
44415751
13474548
80438849
14306753
0068973
134552482
71659477
9545938
20081675
0904101
98668847
0882474
72263910
30306461
2392553
1662983
28447754
1411275
106529404
118825268
148974327
7553528
21523206
0992430
8254694
104635204
26306059
3794529
31739348
0833412
12739805
0774034
29393786
0406364
9507763
70537331
0497500
28463849
23879999
27773475
99444342
3694796
148566795
3370368
1418791
0114695
65245122
28634009
118378004
124272834
2652672
24512785
102221188
28547592
53165001
87923117
0499651
73272499
3478531
1258906
126102797
64825999
13591888
5326722
16586148
167253149
2709331
12863876
136470156
35681046
0649512
131829838
18796027
114161852
153626540
2903755
16848615
88712027
11045704
77381181
52366497
29280994
34379294
103858908
133428039
1960797
9962827
94073233
22378148
2246620
116615110
18513246
55735225
0866931
0805544
64456785
19942388
2696200
111846534
119412064
12121737
51324774
19723088
29599664
0193118
165638098
5812180
1538124
0528452
2766228
22899846
3453271
44255548
24085266
70323658
4459832
61252051
63324562
15227591
54901789
14778539
42881436
1452830
4284649
141591230
0168981
1347329
53321500
4247802
42668796
2542733
1225700
3041028
36870564
2621670
79057888
107710954
60197222
2663567
2867192
18014266
2446283
102872606
40572871
43375964
21122040
21622308
27796833
0383109
1531328
1341285
19630959
6971710
5867816
5613186
54904238
5050359
58070014
0095073
22068836
23146826
1009314
65401393
32516236
50238963
97029241
0940758
31015222
47817689
1233024
116961021
12455050
40590550
8396180
35164933
118864762
26456091
0698750
17641996
113317583
99578060
56348133
55560748
2030420
3463341
5300374
45557366
20521822
108942965
31015024
3613145
2229777
52089618
10950559
94791934
50123800
3244983
3379516
86230128
2018864
11489906
45878697
0574104
19978698
41542586
8451539
22916153
164651915
43219975
0169378
2377906
106231154
3372884
27364163
26754609
87327383
67039671
59740647
4894201
2404633
4344459
12437563
5366973
42110080
52791515
27514153
23866459
22768790
3326602
0801960
18995525
0623238
21622101
1381771
84125626
67550907
2567338
3222630
1260228
61713903
6233862
66677180
56326976
4336051
25243183
47357874
18961936
78748781
20527862
3836774
2785355
1616301
10972952
2500151
76619629
95541180
24337979
140370431
5767111
3452227
23870002
7239686
141798854
153244573
0455869
7952162
129965883
1402791
35106486
6721673
20476592
11875330
4212095
5090048
0428799
70218281
24948949
0481953
2945212
0434028
0582347
96517154
73300383
3112639
124300652
167857480
130820872
53564354
59850658
0231755
2231928
0198676
93302701
2604991
102829284
134204560
40037758
81775939
55427527
0371610
25451094
11077306
15216305
64726302
2590212
20702668
9406686
6985116
0384428
1955998
2178267
48380593
90614859
2438865
60030529
0775893
9231180
35028917
6060293
148560964
58822643
91940320
97163035
4400045
124966820
26823808
163576172
7291404
133290271
0830501
0111278
34595901
63141485
65344786
1727138
43701387
25854994
1491598
3671302
56498305
14229546
81763478
63450315
4451071
4549802
1521369
9612857
14766452
1203511
3609181
72372321
1060482
38420557
155942880
69599499
0158253
1188882
21184217
6837186
48299136
7750794
1750126
9905827
86390749
64519778
10312191
0521031
0917697
26711906
68101291
111409014
2297973
