62430865
38633056
112152659
1053385
52391239
0217952
83417783
24793511
59560625
13935055
8255225
160518284
80237161
0968874
1220441
53630798
98091147
96436122
1134018
38133593
17909804
3436990
39025333
88298547
118335512
35546103
35153303
11239111
1993629
40974282
0149318
30102121
76342423
10595855
2388003
108672828
1372173
1622115
50781859
31948849
15485465
5557905
183768031
83056382
22400924
124428789
8239592
0328750
12533131
46051997
43238945
44174184
4545232
63726846
0296973
16039974
6244506
35871266
23129702
33249229
44911474
0275995
59100319
3319516
3850549
33734362
19964671
101729337
1980099
0271386
27782231
0238890
0339158
171504416
18006975
2280518
13333763
55050024
23073334
63001638
113370202
2422883
2386782
2454162
56134166
16832848
1321278
100753214
1285916
126888967
17767752
37601614
0363342
1804342
27606598
29863016
24833753
25627714
1857815
1344506
9221377
18738854
0970853
0888645
88822955
44630960
100383623
123964750
64549468
0348472
60821339
33486576
87552356
21036689
10243742
26657808
2530438
48309360
12134292
102681461
2473502
128858096
24028801
0000138
0021840
2038672
0455924
115916317
33690056
0492190
1187662
39527317
44930103
4460103
13097287
6715088
20046237
4141943
0804525
123169091
20670540
2728185
133641882
22919981
11221419
32055611
111891838
1744970
2637155
134190727
3431928
24173910
18549001
0552314
1868726
22008076
3999469
0024256
57572484
2033351
58435614
1734373
17040088
38714653
29503231
53373119
76266933
148556762
126651610
81892029
3696754
131192064
102885867
179885905
55926698
4944007
11851070
1059880
21076864
0294564
88122034
65029923
59635615
11671692
4701629
49936120
33112286
152626982
0101261
0491726
111354679
2913707
0423733
80449833
73930101
3995858
169425586
0647695
44274508
58797628
10593161
38233565
36085354
0274661
82785916
38395500
105133603
100571924
26244251
13088335
31999830
0214269
0899125
0983212
126336665
24311781
1315262
0186091
33064572
104023435
2314767
1860415
44796529
13213678
55263827
6958054
73972350
4006287
3506509
0371736
39239657
55033153
7683478
2866837
23549744
22211145
1029426
20488116
3335943
7844766
65468681
27202364
176508190
0718212
90777998
97553007
2841868
76271796
11026082
44248752
57316914
111871847
15577250
93825154
15590208
0274360
153468728
59643314
161214849
190007800
125301714
4127810
18362046
17949235
173256240
9023821
1358709
0317054
13448613
88819707
17626350
28892242
3424464
25217733
0241849
2913424
130699972
106714308
1073902
48622818
48300723
150787665
123570205
47439717
0232941
1157510
1026736
1819531
18815933
99374137
19687461
153752894
1123934
32273864
14089288
62093099
4402762
34284415
0280979
1379882
24299578
0526975
1086926
118293141
27931851
1974978
51578819
26169218
1353289
1931869
54126534
110161782
0310576
57195046
2608645
9125213
68139515
77894330
111437632
34147315
26247231
7085829
12115459
18759647
131451612
12717855
130004382
22790209
38273971
17402949
25587716
53363468
18561327
22613052
33179996
2750835
155279123
30450633
126212964
58292837
26623198
11105577
100505700
56840962
25983209
68478661
3268478
29595314
85696257
8559750
41600509
12093905
9662836
106075707
1147409
1576418
61394704
55115208
6565921
10505312
6013130
17810058
1966727
16366335
10922892
3041697
100317840
26662278
27395188
3279529
86669335
67034916
55886378
186662466
9403697
33890925
1547380
2973156
105536485
153101788
17099290
17023891
1839087
89456829
0852848
116924429
13741111
1045540
1901892
0378290
13165743
14903565
35295243
155722014
2186004
116608638
49511449
65377324
172309531
27450599
5168121
0710717
15612723
65743555
28040929
51159923
34476871
24238835
101906626
0145920
20440192
0834293
64557457
59650827
0583000
20149441
1710115
4348672
49965485
1942773
139084766
6061807
0739147
2489267
44406860
57607260
0415271
133207107
1896797
172500776
12929437
71842818
50938431
45376201
27012329
0276100
2554933
25521188
23631276
2448632
0052607
57706857
36221818
0353786
9638434
71088443
104996473
12093587
24459330
2634483
24387284
15363018
2306115
24301479
3642845
105125309
26299198
13087926
87906794
3490329
12970980
3365317
93318660
2455938
28234783
74218220
16942944
22160565
49076427
131775640
4993124
38593614
0463263
82535306
0089921
0909646
23190592
8191938
63930418
15436512
43325849
5010052
31797046
133901335
3932866
1620364
55167531
32407070
21188032
64237573
67260729
0541240
28489947
24711992
18939878
38625968
1213662
23556932
0192281
22135672
5958797
1484023
0876265
0001785
2337457
27740589
152551860
3723826
42292545
1299476
81706971
12021071
73501762
153165710
7630161
61945554
61708182
186187173
16336334
30368538
27060725
1039942
27114752
3378568
124290010
9318351
36340394
103152944
15181224
63937120
39024931
33101060
106409730
3924741
74955873
2007731
22815815
148056210
10086859
23398496
0787156
9203757
4412384
22592897
1325677
24740649
89099743
2163458
130459284
17751664
52628218
132519251
2622801
2256622
56019770
126446324
0199278
117745212
146028791
50555569
13230370
1133724
34188737
5007267
85912556
19751517
35769720
0712369
41411422
3263219
2879151
67346470
2249635
113252073
154249642
0381238
28485735
163229778
47287214
52315601
5267843
26388366
119475252
0314303
1599849
52515281
10180033
1425289
34045759
167980601
67287799
0127967
18853384
133790795
0894328
152520405
4032684
45716269
24652877
3076525
150529212
43790312
20337066
49413563
23635015
28226146
119969554
23504605
68728539
38322456
4621997
17266753
24479936
0687678
95019935
33809901
113529284
94119825
109162694
1344273
11158983
7472847
40262350
2736980
154419976
56407343
0187597
2930981
21281375
1083593
19481576
18632880
60973633
16669480
3813357
60110524
0677515
4919151
20798077
23731070
20654705
27252788
4488352
25963296
0705107
14333099
0282762
13710148
24697103
2053593
23681917
12062831
34916740
18896949
1518605
77221186
0918826
30724567
122584915
79299843
56549891
19732109
13517385
13523391
118466574
25248231
25963802
11788367
3955578
38309654
34984003
61276187
10681309
1645640
52735150
2672694
57841740
1521783
7314932
0066069
115467082
164237686
23732141
0368699
20867837
28551866
0806494
71100372
97940212
1040684
4341214
79135567
26618218
17042300
0102677
0135027
1908652
65952351
40255153
10641014
26940301
64326203
65924292
64539216
3270399
81770802
11023165
114688940
40324356
1192498
1792818
9009940
0311851
88364464
108313580
148246880
1546835
2344065
24933529
150374931
111457252
0430315
106003654
24361445
0593719
35045013
132885845
6833499
164623341
33677210
15083565
21139257
18060938
18342530
5475097
104697331
53007595
24976103
90568323
1387512
54345743
45922961
35192151
5068363
2079974
2721935
164442424
38003963
44308879
26653314
3011662
28100042
26993866
148558467
165372219
17386015
89536354
29596566
11806973
21059371
13647331
19672774
0669611
4005661
1261321
35854107
7501116
34309222
64921651
2465346
3478335
2611752
83316413
39994531
23536011
1847195
0881883
113433017
25304141
0210946
14493561
3152806
115612681
103092228
12010954
13284056
0361045
65408527
24415579
121928031
121240644
1695242
1941234
27585074
23788722
148555655
127977648
62016531
65508435
1743693
1349948
3133678
111756208
5262471
17255512
47249081
22319085
112680077
4497645
3439485
7894059
3911865
117454055
0762348
20300543
112681260
13132580
5580339
17692115
10684290
91579891
4207733
53013308
22999036
19758911
0456256
0388612
61415931
109008040
14375699
18399584
1756774
55409277
11310383
12008171
19523228
66889093
1101211
20500546
2091491
29250594
127915253
20486886
22916358
134946604
22975685
2077628
1897586
24309971
25754981
0654838
0142188
4827671
104810914
84263186
14540926
1118394
4060410
30978092
2510623
7751091
0328461
22301934
10691128
89359644
125101266
12951359
76934868
67266339
119120632
4459788
22807557
6044795
1656346
2333310
15485168
10870255
87531648
0724045
38539243
23296377
0001071
1493465
13428077
4317458
86832356
29118437
11728653
43018032
0449926
3407564
96635406
16839958
110910920
115654723
22877626
130892484
1326445
168983302
26618582
155927957
57586995
5359550
4787865
39651246
0098295
11156496
27635780
45271617
18761625
1730001
1673076
25495461
101600293
63322185
13488594
49079439
0196626
0496086
23845569
41613295
20867435
92317154
103101685
0702821
124416665
16567746
132792741
102058593
0291589
5797064
11018342
0238735
3546597
2950767
5159699
47946724
22216197
0104269
126612256
12142870
14708061
95864591
5353686
88302445
2362093
23341180
102460724
0414423
142765041
10338965
0015711
123142996
3664384
1907130
4348746
127672300
8808846
101813762
1872144
35089377
66514703
0310235
0189153
0303720
4421934
0833861
2877093
120413622
75033400
4145136
31512904
0166706
161725210
2688688
177974139
43568759
0243898
19989052
15962131
16985900
0416142
0548657
12108600
69057534
22346794
7429950
1590068
115956063
20570453
9131214
11213504
13204955
9977759
36250495
95125007
23135462
2979081
52964460
64928689
