100556026
0863395
12550421
4122152
30155746
124631775
61577961
14498363
0918957
1777403
6554888
2472636
101997672
151803048
118137563
10733167
11228318
163138700
90710282
97287820
42577561
106377234
1719681
25029260
0415847
0723657
1219442
68190981
10120860
52460694
4864862
23573416
2155616
39144363
155916819
2164677
45594029
34364466
19352648
7884614
43205595
3504158
1282317
53271009
0335920
16347510
0276739
34396077
42919488
16926709
174359180
24063351
93978589
0508740
19876842
150468094
11735686
132277583
1788339
29396118
3769274
103435083
0971485
99549403
0482702
63107562
1902459
0815431
184355457
10472998
29295380
8570690
82102769
18258920
18240530
48363139
1588902
42533901
1282873
1617068
4316328
4344391
15360628
3397724
0407662
133617166
155189165
16442726
10793504
26374204
117911998
47769530
24331150
34031185
22913171
52589652
1606010
11008294
19004853
4485405
1310928
0260400
8689416
54980720
113594416
162892886
53616506
14050177
103489561
26619165
18207274
20959955
185692416
152587525
5147497
22815555
2965161
96108720
97723881
1816082
2324695
63246007
35852711
130913347
117789358
70608736
26349723
98900308
82820042
6185701
60810047
26523440
19136513
42178926
5475784
25144982
54126942
1323360
25378129
5596843
85851551
52486217
31931212
1143520
56815564
1722404
96742622
46634167
85931294
1371691
10718766
28987082
52780913
3385578
33195586
127526862
140788374
13240734
37840019
119675796
26827644
10556502
24873057
148565174
12875170
1594881
127726272
19081806
178998309
34570904
33099102
155636270
5528744
65194840
5686418
92322959
43319617
30363786
85300155
10623372
1680051
16455532
2949047
19767517
19783225
3116125
2514558
159150681
116670534
8740041
25317683
5031519
0365713
23359754
150850362
3436679
58199992
25076497
4754617
12003390
2263903
6661178
155787744
2552106
18429694
24335008
0513883
16366579
20136020
43437598
13329179
2632999
175079812
13314450
114893106
102477076
155234449
1169847
135579965
0125198
13844448
0167979
18145645
1531826
47718065
163455385
3751561
52191539
1355851
3905590
93194678
1765736
1622306
74113527
1206831
40028444
126811350
27532667
0566001
31162328
132813937
32696918
110877348
17812720
1570517
88827524
55155721
31211912
132822034
0965208
6271644
52433370
46245309
23933164
35592887
124458203
19337141
29440635
120195566
1909674
36170503
70781137
128555598
46974682
3456504
3206599
0219684
23457527
29411739
46796946
116899751
75908277
0362131
20851245
34548868
1116109
84805617
0533966
114284291
2797496
178435813
8816585
23989162
166300751
2091555
73504668
2467778
8258961
8995504
118629478
24062360
24337959
29843220
115284939
92516310
24018882
61303963
108184733
134450227
4627510
3423780
45442915
11372617
131923300
41487714
161100032
56806423
18622733
37639227
0070200
33147515
96849171
28757040
41711400
23420715
117695102
25315131
3984516
16378153
27927480
2345212
0746134
2302626
18355837
4031417
0172656
5904270
70991742
0904645
53234780
16592491
2151308
0423424
0094322
17610913
22978089
57920708
0319997
0797389
105673369
118424042
0671405
136304528
29066682
1608420
4955078
26348260
18857804
37365377
103226828
90711142
118335351
1039229
148257062
169146953
47841212
134316498
59171132
0266227
132466639
2110259
15362772
21107570
33002064
26529321
30806242
34831152
0351441
14104646
60501911
4617731
109164506
23996175
22298719
43930126
84606359
16254182
70151184
8180567
1677398
49925660
31026316
25664372
16503792
117020019
25966723
0340902
62325274
21327543
17479772
14239724
0689908
2300995
9526612
68955980
18315771
29830609
30026407
0357593
1518199
3197231
103216380
16026270
0463705
58809391
11642744
27902278
0617927
66045776
26481818
1776993
30306804
165615789
3513503
1356416
0315167
1458357
26947101
27118284
24860659
93953095
98988819
34423983
61317082
26271843
4017574
11094373
62207418
4267167
48784732
2730558
1028127
70369717
114505374
3216310
0157025
22110510
1320575
42860294
47629647
1417683
22748970
1418197
104845754
0656278
38964680
1822679
13249701
22903657
0048735
49383228
174099873
44232292
0273850
11564152
18743749
23587081
2267811
1002555
44376731
1815870
0208321
0135735
64648246
8580553
115287485
4575026
0491610
164771006
0410161
0548970
9774524
16160733
11058096
44493780
76521019
70038411
43028478
34684008
0791690
8011715
34967692
35211632
65501976
66610649
45400674
97658875
6821159
19994007
37180997
1555497
1617282
60946497
11551765
1463141
32129659
2269777
188199690
18970612
0245196
4428565
3209397
14278823
20695311
91455391
57875382
147826688
173905463
17453850
65481375
129732824
58335549
7011416
10326951
24133191
1656354
4707537
105460009
42737137
46519349
19175920
6822256
36965993
3421118
6987685
155436866
18927476
0053124
61614497
48117879
67551001
83657687
86822130
45595360
14645454
0363709
142883085
53245878
98073593
0476330
39652160
119806184
117136870
1731492
64707141
21560449
26160109
36398135
189948401
31112761
2160829
4205035
21279110
4961562
59345130
6579767
51863069
4296841
0568060
30819932
131203184
157699538
34836017
57691368
1308458
55958106
1355165
44594576
23013634
0623143
117537318
22736219
24709517
0432789
44071342
24441309
42415366
64900076
2391513
11520065
5231934
3805493
106184933
2284383
71399179
180512827
0775484
23150213
0773974
21253226
20824890
0254430
0099502
1654262
115964204
12881616
74728941
61194652
46976866
4282037
1690978
40467768
4145508
24568332
53359227
16793457
109753941
1111600
12582588
17138271
1603929
74529957
41481676
126109283
22668326
12440266
116280337
133616865
36195464
54155243
2468723
2435210
2806572
1781815
60849696
12962273
4494389
126597084
23944958
114681137
0750218
19659536
54171860
6597211
17977142
23546183
1244258
69980249
3612407
3253035
7554263
96006248
0961751
59444188
180844627
114363378
3764371
0931900
28852163
5951116
77556903
24308546
17731534
4201373
7004524
15793552
61076618
0022553
88683661
108696537
97558927
23869721
78725924
124569626
73072782
13808272
5394820
14402817
5665763
2409664
1430580
19334242
1324763
3936086
66297835
25621325
5463894
24116815
14379768
107351065
97016501
0099336
26110967
20220111
155497824
135427031
149188145
4774471
19574789
116177616
24301560
28040150
1122618
81502420
24028501
100433129
0072787
32450833
26796449
4146043
1306269
17112673
22710126
64424693
10653756
67314647
36448190
114795920
161307120
1274669
1578251
173267685
149838747
57493289
23888916
14850701
27566963
4858113
35105754
1038652
7023137
45303257
11235043
55802900
2476803
4210122
11998133
4188606
56939726
60306931
54271906
9927546
0659812
116307722
34027105
24841721
6960374
38465281
10209402
0447874
0326999
60721185
50307933
59060563
1675076
55050626
4118698
3197001
138842407
56797145
129786838
25733300
9342270
1467004
166208023
61426244
57336259
22853268
2305072
35049134
22558119
49209006
130116772
0730680
36945226
1528967
69697303
25434198
64774601
53625487
17158810
34211405
24356245
34764554
149676088
69821376
22102833
10242331
0556379
124401715
156464055
45602513
0043888
23448097
28232065
0368961
30567772
99771122
7534857
46585771
4940011
57154661
3212658
2325471
4197503
1655869
0120998
8523994
22315372
44027249
24666772
22107353
0893018
0718268
56442258
160282219
65469833
26527781
9973828
36598198
68962574
101455435
4231910
117739332
51211220
22590919
1681449
0140905
100380372
8596784
2087024
35044064
2784667
84638025
0581331
29458966
20538640
1711050
127402340
15086222
107155744
163142050
0092342
81354898
1919094
5309503
25174411
51487959
3260104
49552417
48827808
27583035
1634669
1193248
16906547
0310523
108826028
0966851
1268092
0139633
0113731
9675087
1361093
79972010
1982633
4665551
22282551
67082714
112969700
1486754
12763488
2975026
0714762
85375913
2103301
13122854
0500483
53826084
77908386
36023826
3534361
123907617
0244633
2260362
138994689
1731328
55032196
2507545
4980397
2528485
98137308
40750736
19803800
2066951
0776842
62096985
94580265
0394628
19571841
0230240
0134531
0351491
9099221
5771853
1323870
14956927
69262207
117926588
63244060
11107470
1605831
66832789
12692210
130059634
67390984
27504567
63156873
27635434
15420402
0988148
21964515
47665749
0302573
13517382
3411242
33920179
169845242
188867470
3047369
0691855
125572819
85149160
2306623
58110263
2068839
0594718
41138099
38240527
93771235
89044936
99034033
2851601
0636689
1579882
0414082
13824042
29240981
2142290
0450109
0007613
11599429
0390685
12368554
31338357
7219421
31342327
9284394
0626758
65338555
0958118
68437633
52223048
33168210
11097784
0834876
174022768
32351609
56426222
20893362
55249902
16596776
163636512
32543902
20495871
190497753
114618091
9753832
22343822
111058550
81639357
51567065
14280372
22579515
13557217
1921362
44691009
106197224
127682092
112737954
88306613
0416103
17841928
122393987
1270905
4462888
5034909
0249313
13891183
8383210
19130744
41891842
0509092
131759179
18654762
16406906
10814459
10111559
1434793
7710231
0985368
