49558132
19325667
83057644
2450721
66199667
135654449
0627690
18118248
5287850
0932317
78108835
0647267
48628264
1039296
138821072
0101706
111873370
117960006
20492339
3317786
0940467
1433253
15602863
53924400
83275566
122849939
20381363
27853523
68519886
2757172
80010304
43354112
124886930
36203267
53498788
87549751
59313219
53759555
0713027
7567592
1509423
1334461
30534756
99084398
0155960
8605845
65125475
2142234
3469568
45356324
1070166
53109688
50271511
23230123
77786766
27971061
0113224
2301064
108851030
22442304
24712962
132796642
3299051
0346435
1133597
2517538
130628674
29421786
11837601
28322276
82654803
53000195
52150465
88459544
27632589
42364910
0430045
58466844
36594269
20785311
19512596
32381412
35981906
0124859
8368307
1472048
0339712
3752400
1670498
2406492
117946502
22077380
3090600
33562904
57149739
4044170
41538306
65639948
8147524
148049516
2540425
0590864
117391299
57437566
26390014
39865732
12483474
4159182
0572052
82031750
2956022
2679011
40664607
65464265
58307041
1630864
83376112
107391765
54737960
45315009
0174693
19648580
118276719
153569668
7046508
124537959
19779022
68166646
26753832
51632775
19720489
2654778
0799212
27661388
29027536
30719293
24193802
0861305
178164303
11015922
9471964
43727644
42212374
0291048
80309494
85238194
30423573
118880846
4000437
0229679
26969972
25140755
4913490
53660798
1028622
133544262
178416649
30105958
68926828
44891356
2124767
20271687
17717070
0218713
17465580
4594044
60037222
130860239
11894834
35159581
70682706
1469321
20188454
25811950
179872629
9606601
35038061
12971073
68441972
22761492
19500856
21263778
183081411
14162028
120902873
23486774
17285282
0346407
30417468
0309983
80564450
6497921
2833664
19728020
0317141
3244933
47490063
17012037
94770576
56235898
109156745
33720019
185899949
2527145
1609797
70713565
11294727
0514757
42841823
99142090
4051648
108390230
136098368
3386394
52009761
1916666
26727416
132966448
163001503
4422302
4844862
0324559
16134011
10527944
13378536
61457881
0300972
86297796
25695238
0592285
22490656
16359350
27931162
111043641
4034273
99673307
85319410
46286738
35412772
57937173
9532494
111530874
23414244
0146914
20257824
7344902
0660016
95874154
23742411
11638857
1008681
10436264
2346092
1495153
1903614
19305653
1926928
1291920
1303703
18946496
8397023
96892268
123397780
12953225
28538918
12093484
165025956
8623762
26255991
2203756
46400079
43047838
21116612
2032122
2669474
164580729
150158072
120520519
136025604
48432998
3079504
180127284
6914225
0966076
2876002
142058362
52564905
3595282
114825733
135320217
55524007
5037783
0143873
2507507
35020146
64629477
0406294
15255156
26980078
19931471
0909812
66010044
4795147
7197581
0289994
35850547
101128147
7739855
57851661
1685671
2740791
36160662
154055403
18526322
64393268
97584482
1581022
1110955
162294003
1298191
11778247
48362196
59206689
86341403
89189189
13663076
73203590
1959449
19491353
67686185
13962310
115035339
126007589
123130890
58569713
108393250
18121883
60028642
83101152
26532200
8827966
23953054
27405742
2938772
105096292
104813850
16223584
19841321
2151080
141819850
68527130
38720561
25016524
0141551
3707687
158281706
0207736
39323410
70782626
2199036
0555972
27083330
1184397
107242235
4870204
114415463
156545666
22265731
30827097
4315563
34876898
16110976
87061016
2377227
1046169
73194145
0061309
18410808
109772957
16862264
9698915
56132179
22881475
0384128
1592160
83251436
0498263
25592713
17344580
37564730
3537831
106830557
22233817
24261543
85501145
9695545
24396662
3739898
28808572
61030877
6576062
2184982
122625031
0804749
2337360
1011697
2251673
22912891
170791895
147672021
59855285
163769613
1213416
21950733
46825205
13355222
40215724
2839763
89514153
32692743
35643687
99451515
66314103
70971356
0616677
23540633
62018987
20783586
1157334
16278615
89584137
3071695
1778083
183062098
19774260
0878888
50452339
4152267
2814158
2378994
3328835
16722027
0231768
22339652
122270985
87129320
19397873
12108744
45144561
65376656
1377709
45687140
36555935
119762086
22224745
0474828
5098625
15931106
17251969
161130808
95555997
15797417
18573598
0724040
21085764
88095066
0639094
109874946
70997493
16972842
131277763
0191693
104128322
21278439
26811237
57395567
48423319
4100439
67763513
1970280
3015044
35179485
2585862
3228465
26538333
11084876
63524663
9150535
20042976
1320297
24005016
3332657
10727948
4254674
55390471
0132925
1941928
66571450
1398393
24503729
98145550
1425830
1857302
30956910
2347325
30334807
3629099
0711390
3457398
0993865
0106612
25590005
21851436
0454148
0361107
16797457
25159468
104046748
2923105
2929619
17981379
40936092
0424508
131648027
16525923
3305224
9780594
103156043
20682472
65758895
23488357
4168876
3112405
69492220
22397912
3732664
83848477
8062935
60288955
10662708
55351116
20276872
25892442
1834165
28468738
7956890
1336999
5261378
53322910
50710357
90605155
105476584
24244194
0209516
4369085
27374771
0818112
0092525
10127550
24336439
66911292
123075374
1454942
17263017
64798417
163898233
29790893
30588642
22375706
33962062
2928716
22801283
56682991
0363796
116622661
117735715
73785104
21916719
3619612
46482518
68081993
20453148
17605091
68616341
23834826
1457015
3773501
0383101
5732819
91647678
33283087
10682147
33220111
20780471
47021452
45806888
4763123
53188886
0958042
64417337
56527424
1481703
112775760
1992196
42404030
19661421
3143084
66460259
154573972
6896201
27443865
70727324
81481646
1007135
24214796
1508490
0486029
148556590
22791955
53987996
15580779
5659967
3994884
21266267
26664150
0142837
166445809
53153966
63157779
34952295
140787444
5671185
14990181
109931560
54379302
23649544
151317952
4404231
12911275
0685590
13423395
24826751
180649864
132466295
61131665
55394246
102092051
100394833
26584197
30073066
0262219
106575348
51029340
116035661
0413723
1250890
12741439
22246819
64841446
1125463
52908265
81619485
48507724
10111575
84644157
1527754
64793543
50825546
63010402
0165641
1777762
26639599
8333539
0729245
101902760
2421797
165921196
99852307
0323727
28728341
1500416
20473512
38614372
1492910
113403285
0278623
17829608
72457092
24763667
62874016
13477232
0818841
12683485
51236112
34290913
56543099
71205462
162952371
20505683
66071583
6874625
1294529
36636751
0168032
4420789
1283738
50145083
26036090
95950236
13126380
42840778
157636183
14472853
69823105
53270129
11367976
108075379
87168597
0318637
2595862
19793997
4346974
1796556
5108679
152371020
53918492
1775134
82164176
0659980
46714023
0786126
17895631
34791499
3419386
2533013
11968180
125021805
45331617
19037940
36360426
38585717
0648455
57602187
21312468
1399693
48892546
60837671
1587884
12340825
53193015
6951821
0815467
15454972
65334651
110636396
3847551
22327041
24120516
0164850
77689013
13450780
25927919
5173522
126266447
108369751
1116918
0189627
139708670
129004698
27000499
0250801
155967116
31952651
68990166
0728175
13136296
6642736
0081542
62497259
69717177
1030203
1658868
19142644
2349585
5786884
34495057
133117350
1327389
23642370
50216384
0121881
64547380
21022454
1999022
14275436
11281093
1782717
23398513
60600536
36790502
4259560
148554876
27951087
30961839
20791749
4509161
27464823
40925831
0878779
109117258
122010315
123423866
56015209
0380188
5327769
26623010
171216230
0421048
19400494
0266778
19530006
105880428
160777601
9755277
89053663
60530585
162379738
38111928
1770851
25235216
12402886
84775275
16241251
95888328
32845131
10118072
18216140
3119575
126673564
11562432
11185631
2017784
23127885
53097582
161218861
15890983
14594089
49746382
1724558
0380961
0620865
6075519
101273744
4298401
16252796
116565672
23335090
82473745
21023937
2019661
0452337
0078839
0377042
19587200
2186751
1143605
61442298
9997592
15983902
34449675
2490056
17078175
50969116
102191757
50896069
63090996
24276413
10122125
1234615
5980586
46010125
66595402
2069368
18748500
45194377
7491534
3483002
4894755
29322536
0249396
0755438
44114068
13812587
0164985
5709199
67058129
57622356
115130648
44077107
68722036
0271874
0225966
0429151
13992177
92357361
86085362
7382414
110021422
9591006
7776935
109770219
0770547
24526039
132853587
4491531
19756483
49790782
32257118
15853613
80246391
48855905
10941414
7776916
23995539
62201963
98102376
1543647
72509654
179183080
90119878
71525139
11764206
135104730
19995285
2123108
7190288
119631323
70338263
31772871
0374346
58251886
100917366
0010198
147049940
1216519
56499038
22762942
1902636
22841358
2416880
10965761
34873995
58172674
34801691
3578650
1444373
9795505
4216117
74645968
3599948
15839418
62558998
17983399
41648323
56577262
0923710
50957314
114549274
67023625
0443363
107289750
64588347
3635352
68056824
121184192
8416836
52471423
55148301
13461543
2350478
87984636
24962814
22856186
135702172
166301408
2814766
7283823
6355379
26881365
23483288
153979203
84573241
19645074
6135446
0470000
18055343
180340388
19824448
100128781
1690467
