0397536
85723838
2922059
27321469
129982532
1903745
148681868
1558086
64130811
13215898
49566632
26436452
91186731
0356492
36416349
9875838
106084755
20519739
0475496
143350604
0551712
10020697
34259637
23354554
44097604
58513005
21675051
8585161
51472121
2709237
84795004
2342244
83340425
6956724
0157708
116664693
0954043
4186299
19083904
136038486
54788670
1034731
118980724
39736844
18038746
12014793
20356444
11098798
7501902
57629641
20224262
79528162
26270530
33774173
22256014
87212064
1292935
5145377
155916034
20066567
7139855
19932701
69393297
109905090
86471218
11050768
0940540
21109879
1792978
0476983
3459927
35597081
0932406
3509793
55166220
0177027
102861990
22357811
3637637
2535435
29143664
1053129
8162635
154227085
95738850
20825697
75873846
22312962
3496813
4488927
70089553
4532028
60112360
25183440
1631693
1424131
25345867
3496289
5957416
3277543
14124007
89596650
1860782
123312472
5777023
4910015
22860809
10901686
44380407
11933502
172721028
14729467
155687418
2247000
56870644
100755677
23245162
159159647
4637528
57064956
19809895
23471913
29860832
72219804
38058088
28459710
1310090
24171148
110965394
23504663
22204447
15171072
24395781
90463142
61866309
72708874
134967931
61746332
45517563
48020025
47345599
71018282
80137420
78558721
58880712
4454789
1065536
122781086
19494244
133272888
163558618
0876303
2946673
28075085
8221156
15107975
1309858
5639074
15262191
5941862
10331820
13977719
0457152
44598730
25814180
100988276
46171159
136331247
1097823
2104631
21401722
45427997
36741163
127810299
21000661
38392143
22645107
54520924
68027975
22931600
1596119
17695787
30385103
185436875
2606479
2111548
51885960
3334106
79938031
0231645
27307512
49938142
114712021
34425452
40660709
68475602
21251366
55035060
127342746
24895797
140456086
82620402
4907532
84159214
32995172
14826234
99832739
2200096
2480540
22311470
27637510
1112581
13217712
4688291
32533894
19892335
0412191
65159275
1643068
19960780
34874580
61576767
14417411
14303326
55545548
1214662
0407119
14613399
131086622
47747361
23211739
19180889
118808976
0568584
5328146
84502616
47461669
5399171
60189658
22031122
24449627
68432360
135349520
2504248
78023332
0668233
22151615
0226189
1095971
68876641
80486241
65617509
108906080
60300782
33269846
0510266
14533738
4476099
47032916
124713094
0620624
29911262
134783880
19020822
67957070
11045910
4659680
17291484
102297184
1326640
18959922
117501204
0555205
107065132
3833532
23637738
103947265
162068447
126190088
35556385
4005592
2989010
23033568
0824743
28323222
41105986
107047209
25911351
13284681
54021025
98478341
70661952
4508117
0368418
18182334
18728536
1669909
73135149
7155895
8472519
51900259
76151742
29973684
46381359
160729515
2164095
0002578
22254680
1628988
0945327
54622024
134968239
8615538
25527973
2022517
1655372
4386406
0489262
119028105
24292422
20542133
55480167
4374846
11856661
8532123
2904648
52105093
42855784
11355009
4525117
0342205
67802860
168400728
74869594
161881540
14766248
34995630
139502180
26546147
19463139
126062469
0682918
0379505
0852150
127324327
15015250
18397049
17443933
23247703
107401912
17663010
43895616
20363569
0116181
14598250
6488804
1484694
17835946
132034358
89545694
5415907
9649812
1115884
0765803
0735257
25651572
109384844
51415348
90134470
17658515
26497530
7004140
3765901
1121302
1954904
2427035
18404346
0234974
107142486
53930796
59337449
2044416
0848415
181139771
2208529
0321150
179299027
0539506
123668909
105187419
5150953
8634643
29195498
0864578
0394809
2163280
58388800
0185684
1586509
20479744
15003135
6079994
12635839
28497122
2958454
9030725
1396143
165695144
3215204
1615379
1752493
85560898
54349138
70917392
116166636
65737204
1517328
32462575
28497002
10361910
19797559
120299927
26904074
4208708
31182020
5390919
0861512
14573451
15211435
55106468
24362910
90570590
26347200
46862187
169200281
25955344
131855202
6204061
73951693
25534803
33389623
40461807
53788026
26155314
6034084
17066650
56019991
77150059
185240869
10373565
2020223
6486713
55659875
8101711
112734061
97816942
27544772
16432189
26769400
17001723
5867715
2656306
129474209
87606254
1103917
30962715
127818280
67933765
4665220
3159878
10901726
37766241
3626969
0101714
0356774
78375856
63920165
2084586
27919966
11715832
161278331
15291134
1604153
11775267
59769188
20587070
0235502
89760318
40486654
130493847
0889647
114112163
33227306
38272621
69502942
7752626
15717334
27863182
54806656
5242394
33697153
0495796
24083981
1143453
0180796
12458383
119278986
2885298
3612000
2549595
146347076
54144362
19977436
2502937
0118829
22234168
3031389
27196648
0349372
132609242
2622345
26913289
3669139
26328430
124655187
155171094
120505201
36157963
129877364
119103174
27867350
31793060
59587552
49392222
24331315
34781481
58260076
60835999
12665551
3070178
69484118
7871082
51797904
158329004
0109431
6854519
136341669
26878178
1085336
43300795
2481758
4989494
86125564
2015625
15947595
1303576
22291300
61791815
4426206
38136899
2217312
20064261
18236117
17269782
18179081
2593363
135333266
25822462
16213405
19553544
21723048
148552181
5432696
0900212
59630103
0272352
40998288
6369227
26123509
42701832
127749936
0896297
118560809
0542340
26850751
54233812
4082055
86723651
73747171
5295565
98778206
6033886
12989149
9458800
0129238
1126615
22093844
3929712
137643846
84215865
9189316
0764577
16697030
0209493
1672911
116965390
22501272
83408552
0831402
0942143
56058706
55464587
119607331
1952989
3542521
41836394
36694829
0141264
116119832
71832809
41541496
3213293
82922112
130287464
35111627
3217850
0790344
49795028
1924286
0088197
13149567
21949531
1213999
5615085
5770688
9156968
23307590
24095428
45226990
3589993
5320286
68520523
1134307
3381229
3393829
0096032
2203973
32284034
26933127
51549011
39726555
5349568
9996202
133699531
157732795
4430535
2449561
13220656
129743783
44064375
11384658
10577716
47446329
62997628
20741253
43701656
52390949
75752562
56589138
1878251
1432071
17127400
47015162
56572782
9836407
38629264
2506522
48227009
0365879
0513441
24741329
0021902
53586495
26535418
30724316
165384829
26070728
69541321
117220749
1845950
12594070
1653055
25534585
0640013
0300497
76229916
2109886
0836726
5584452
1164604
29565770
29752426
5885654
118759620
118311725
2264396
2459806
108690781
15869926
99982160
1727056
29106428
122965030
155118931
81065436
105947499
18494317
98678316
78633564
72635748
24145034
69728088
11842258
26790884
95293073
34905597
1139410
20876525
15184899
5033822
8461979
12900727
18550306
3948010
2845293
0426859
57430249
70516718
3347627
109943134
5442339
54471220
1834331
52125718
1725613
59900274
1067813
36578783
2634320
18202018
21838895
67377677
24562578
46920124
35650297
60180532
64134722
48206601
0133813
65256984
71983705
16206247
0591571
33914155
102383436
1091890
0232345
9535771
20062552
134998008
89190953
43919455
16630561
25846153
77671185
5977352
0118333
6225273
6250640
137486335
2298463
62318407
1028013
31311885
49928194
15548560
13496340
119093011
32809099
1669759
35116000
2519810
1911644
35175100
14612858
5069332
125909497
11838318
64887274
2561985
49685728
125176958
23021874
0331866
66577575
51023907
0747558
42232716
1987863
1100749
7259355
21372023
0911035
113570490
3003044
74494775
6816229
67799784
0036900
108706355
3286061
33037565
19356942
33860025
24821279
2331643
49984999
1356751
6238723
0564439
10974102
165863269
10813077
110418727
117946451
3688480
1576336
83544868
166400990
49926251
0547920
1213369
2449297
188651861
168235044
50199891
24448910
4732458
163447025
4128478
21935205
43738808
17794766
178704877
1214939
3685170
15449211
0077338
6285105
68524204
24470281
48829349
4939383
1653687
0316975
32428302
155344900
24195159
1286492
131752987
27286463
21339284
8478074
0071429
105848413
21857973
107777630
93928690
51961682
179439334
10384674
84268047
71938322
96307186
79350602
113647521
73609002
1036460
26723370
128928662
109039764
154399019
56456133
2458605
169354028
4394861
62611801
158818200
123560773
71089203
1643844
2700646
21417538
115762332
24735816
12601245
109332250
37330751
22239546
20061169
0250223
6395314
3508314
19642256
62133314
27224776
130703430
90665289
0536081
0409897
12289891
59257193
20785383
23488424
131728286
5069463
32213385
20114064
34146368
3426647
0959817
123736354
6480912
2615092
1327521
85634401
1494265
3323578
4610211
26041672
174181783
15413153
18359512
10257793
27915981
18385360
23389121
1148847
4025130
11820381
124135015
5814797
99455140
13084577
0192170
27698874
41202969
11486610
16454382
4006970
20691465
3382782
25279056
83642421
13943444
2443296
112054007
4329394
24302597
69585246
26835002
109600259
18524842
0408805
12602832
166575488
21148585
54796376
58896286
165369261
20737947
0601518
4646972
120556202
167845008
151519682
1235045
0782995
30483154
59508640
98488806
16484193
0324844
2537038
19528834
38648626
21081093
6783323
20698508
0452163
