37330830
15272481
27436562
30248824
130354038
0354979
41516543
0145080
1916140
0639604
0331319
0386747
14877008
22609563
58592449
0293593
10020525
164711902
1648550
48138724
0401499
60380126
26894069
14629804
28749902
64639959
9567084
0285606
1174211
97418018
129606512
2510939
11111297
3404872
2590596
12518955
22698115
54804932
69121524
68894354
4651643
62687188
46015005
46995539
2253650
83280977
1225413
96893365
13552778
111737543
12663682
117030313
67048362
7358579
18665256
128985035
0173618
2134014
48490287
167787029
171168785
14628923
0260348
20430559
160656566
2139507
3244077
158408438
19654186
0391027
6047778
64695746
1752574
47783928
0314333
47783058
65698510
62271868
21178916
7186032
8469541
0611710
99602283
0357826
50844133
3122961
26693170
22186824
3597248
11087844
58762515
1542959
66142304
1990150
0132062
76957853
8372230
54033747
31830379
6771148
16294409
2772404
0826044
100108911
51031863
0695002
12332602
0357354
14261726
13730745
59714357
1830094
48046627
7597114
9089839
55232481
136765458
14859640
96685760
1179134
1124328
136176083
0766514
41108694
30155144
105421718
42565263
28400797
1865104
29141679
28079714
67750371
36590018
23978423
168684262
55818910
114847251
12474260
60313697
165132222
0081527
59476423
9019896
20270685
0357512
3272385
0134432
27070249
14460978
120101540
15531810
1978415
20313536
30246874
147672606
0374920
63572280
144363392
21139910
130852700
1737863
1038955
80690964
4000179
74317709
25090115
112590674
124413311
74537419
5677923
0857320
7836689
99812775
64524762
80697522
12013108
26004255
0879423
3275820
141197051
0192278
112326314
8650163
21327713
27866793
1558325
13999912
110237545
89752415
51212478
0361630
0659538
15214825
33623956
0984955
1043497
41972501
1296093
159087934
69664646
0117693
1520170
84596117
1603608
24431281
5679817
3592960
106415017
49262958
5929392
130140394
110989512
55058818
16094327
25251685
10878785
40734357
21404273
0347534
23486216
3438974
44463171
113131692
153983000
118758841
20381550
0391152
17299352
2824263
57104627
1803589
33360659
1952701
125707238
49354828
135151252
0529079
81157525
118350854
94671559
19537958
47323359
9667415
22255390
33293948
51002727
11250398
130506467
28701258
49535629
0425213
18772217
71018936
10328052
2095038
45544918
81976022
164545696
33871364
0504559
0150257
42905390
20974383
3627940
122330617
58928874
81956039
8466809
5500127
61944363
29085378
1797042
28760220
132444856
1490639
12458709
90781725
26496755
0793003
114996856
156304970
3031301
1502463
114671869
1574853
109407973
8882820
102156855
2537766
63148379
94708672
179206258
108164309
131248771
4627112
114870171
1770741
128181015
71930987
51053666
0355979
21160406
22413403
19217006
11740211
0398415
1708204
5353613
22372620
132008161
0504349
132160682
30411923
46905076
94349456
131693501
51898840
69984564
56176714
0151201
1935875
99652710
1497010
126119920
27068358
20616734
1482458
100045136
0184631
3089195
4461764
40910122
1281468
30084205
14524661
35155754
50333891
118750442
73399692
27535106
99666164
7251468
0818388
19509295
0335672
26698515
13341728
114282225
3430301
24377096
1206572
96156971
3770257
48298027
57479786
15267749
2993953
134671806
44177098
0982992
11104872
1152402
2313414
1769272
1439112
36218261
117946050
69867999
0796992
134423165
113400125
7449374
57691001
62355933
32517753
46726694
17066680
105998129
16198609
56420220
57814368
50867598
1016290
100892280
96133197
0137509
53108332
20126823
3473506
0401206
0097813
102018569
79760373
1122249
53958671
45488589
3829133
10311705
51640057
15884207
135684459
22231470
2815031
28063058
80313266
23775096
50179501
7485442
19145185
6773780
0329791
37404155
0941368
7791643
1219124
0482513
62119843
26816322
107610442
50306943
27356276
7198485
0408584
1518873
29670741
20550574
0199603
64709982
121889509
27646767
128695554
96264049
98145161
2307984
23552903
97780759
1856233
127730878
134998867
186556971
0127599
23620648
0129343
6005751
88708820
22067882
3252161
104042712
130725066
3767885
21613746
10911737
1556514
8111153
0250256
15481866
183156151
12818506
127027616
2184200
24720673
23068627
3102793
1457625
56259655
25129764
14587411
0383461
29254639
54369156
89655196
22631216
31133145
59915701
148452270
163351385
44947838
50038560
86982179
5650211
186648477
17803580
3672671
136882347
5090894
28259901
78766088
1769801
0162894
18070608
161205889
135308042
28397244
90596123
26777495
1902428
120828890
106279729
3084382
103934404
20795697
4489759
19557652
19524330
4116158
9928420
89464457
52922076
1982609
82450930
33416031
58315507
4512930
0637427
133095723
94604763
156635073
161017734
61341988
0488121
13248836
106810890
151613323
8589011
17031452
37112509
2273428
2421033
41900488
55449224
14688718
87776636
23653495
30905387
11773555
20132934
3385129
111629220
42822303
2926813
22197407
1030423
15185599
0011703
24804676
2591580
7157945
57948489
0940131
17654759
105190054
87242343
5364325
53988182
0366482
5930014
2066140
0101887
66593983
5547889
3317237
10801666
98826491
2845193
47090936
60314327
10053947
80399136
64420326
3043469
8522355
0385258
0419232
2841629
103498042
104100277
124231293
61166257
115888962
179039319
3845724
104026646
11798423
79048701
0671917
34737614
26328872
2141297
0541424
70113740
147671595
38009040
42340980
12011873
102884681
16202938
155137702
24462234
0150129
160804409
33451269
41644908
1279662
57196443
121847349
53371131
16945116
9904155
0777431
0550402
19022317
1225720
130072107
64225465
43064816
110806502
20375832
2886069
51810350
29745623
82144999
21397898
151539441
21190752
0925545
38555852
152091404
99479682
1477803
52579155
0105944
158376693
1312486
38490978
128962049
103511643
23247736
69872559
66313600
18292426
21353730
0109702
64649926
4714498
32634808
153374253
119497639
120516689
174066047
118576508
107418147
12594467
147767668
16011629
9060286
17083331
44893799
84601906
18696975
46448752
24555389
53565378
35133580
129488856
118772363
1238785
32159294
20700584
21395555
41675768
68122205
19636773
125339968
58610800
107628952
0300615
111719965
50333040
53249340
24331182
2237994
92692706
42291215
16339546
22321703
20991877
11081110
46168990
70420121
113637220
28525392
0307038
14338619
2067326
15612508
33218159
2567835
1104686
7236888
13389000
4464149
117382375
69712643
29578168
1286634
10061533
1790091
47369868
3177690
1027399
137402137
72060701
38514248
22236974
4976486
67330472
0409362
20418756
0624784
79065999
2174905
20481588
72794495
0976727
60757944
0348478
21933096
0946238
68945550
102602997
0404406
122368075
5232598
15946297
153978009
46188895
7063540
3718876
43232814
13694090
7596749
14413799
2283911
0922513
60067320
114666119
1799195
24315736
61444679
87688280
62070774
44891661
189799716
14563783
15996023
0858328
1306209
19711066
112877676
21163844
59516388
84956639
2737144
129931587
110212703
2049139
98756405
4690600
20602129
0102261
51165731
52792989
0289881
68243151
68584170
41144148
1690321
109990144
0143957
5486336
16394255
10552884
2587575
25228130
1429398
4356416
7668414
3017136
4604506
58395990
0679938
21627893
13704722
23359071
32950421
69185290
133315368
89162832
149873579
70440709
0377538
16961425
46616448
15738722
21834761
0533699
44344484
7957308
56736355
74930343
15679950
63332912
7827742
1214504
0398936
114505330
52406676
82092597
104188781
86769344
0380914
57983752
0140153
10011637
165802576
11687655
85044324
12761387
172179759
20963576
6306536
0774772
0290407
109397925
0327986
35365601
0731494
29347212
68066977
25544491
32687673
44792727
65713372
40080452
82557774
14641427
123562464
50751418
43028028
38710549
17557140
20978387
0401055
10058003
62448435
5263613
77061168
11159230
56755429
22156302
187883149
98048338
1497800
3197541
0492753
21368075
109731789
4719323
0417820
89588535
17329464
4610576
11990789
109227630
51810137
34270927
1292391
0664413
58032701
43764758
1246976
11907850
26560638
32731397
95350367
5534404
64715791
0824882
31123921
1171987
6401352
50403841
0114026
56093429
0835153
83564821
102632570
118113850
1279842
173150872
0025835
124830183
2698510
19529787
0286351
1603894
4553955
18483444
155928016
24940108
93778539
118020686
95283974
8449416
20929877
2775179
1301517
27433540
123345018
70055296
0557788
2549960
1894174
63913724
151519199
0589863
8783211
0936010
2781382
90402951
0550433
4022284
157420275
0072376
0724411
1537732
2831565
61892186
1168326
69604987
4498466
53215924
25694706
110301417
22612877
0304162
1232518
23079523
34543489
24690960
21282449
0126326
152909026
36830655
3167083
2674660
1839559
33380061
117028996
0863998
148620786
22941316
85731587
155013897
5921256
28745294
1095226
57460942
6855501
56397538
0630390
13598867
1260380
1214575
45014356
1600139
33057723
3277199
0831955
2558065
12518293
45019515
1427746
1360489
1617408
53721325
14027593
61282043
3825913
16338092
35828939
75531291
56957037
46605447
1869228
74892951
3573620
180493111
22957094
62114897
