120966602
11215533
3214140
1682032
23656992
23883771
32406969
0185264
2540231
12517847
0535952
0002962
0308939
22648908
1107761
3740965
40134695
100446257
153661532
2666527
13600145
8611729
1712848
88191536
0768195
159775248
98951342
27345724
14032690
63624380
14197657
130415336
1003933
47342969
12526405
4811229
45216128
1164878
29002389
7427167
8987613
0035229
13351149
20116079
3335565
14911378
178671911
1425730
2419668
0546067
156334447
10533541
49585061
103801413
0153890
23885365
3352795
34147990
51107412
113932860
59673723
1792907
25706435
1060028
25599559
0236268
33572331
0748396
10838699
32380599
81854214
67302254
162505676
27536597
3741084
5118543
92616418
0443881
0051977
0130439
88955455
130076710
5269317
19323858
103786305
126659637
0102055
16142408
2332070
22407385
50711979
157387618
0005426
1042176
154262401
13603451
0969661
26252473
1017834
29504596
62322288
123412709
57527464
1565010
128335939
1907852
149459244
15465042
48217666
22339677
78611963
19809159
52155908
1793487
3785786
8622994
23559067
158656882
1407223
83282530
50097538
10762955
12915208
2881720
17401316
10486511
60333589
2693210
97574755
19848548
59955734
16965965
13108843
23780484
78811039
165399569
11158210
3088411
87946145
8871757
103493983
10099899
130418455
2607963
11638597
13134104
103945190
0530081
63822322
37182702
59947751
2317390
27769216
2709206
66290607
24529767
48041709
97097513
0239195
30859174
105921694
70023254
0351376
0310427
43380477
3759643
117435288
27887541
0914980
115560674
148566266
28160825
4830072
0070535
12297899
70006575
189786046
10855585
25326758
4459386
16034186
21695576
80343564
7745817
68734409
4233995
25221553
6950944
4101690
55823093
12265713
49348166
150909635
54937986
0095489
14932957
97721423
0350236
22793030
20333976
47286619
0455949
151930548
19536131
20243497
54216597
151295864
74877747
0770008
67368116
55350726
22697070
12425625
4811515
143210758
1195207
187121458
55280312
1979300
15927789
43706031
2452576
19660238
10741773
20536094
0536786
0286588
104563194
0561154
2972877
20527643
1906533
2214383
42749034
0430220
3495096
70779586
1921210
61926930
135321477
96219717
67393605
2589201
146329986
20078934
31430007
2966323
3793453
1734821
136131551
50841244
0630181
0483957
10614018
169637881
0283538
0273157
1008352
109862112
56544092
80142422
3824184
41567792
1569713
53811034
3126354
20297541
123895714
4699051
85693435
29812060
9670000
0357281
1229598
42280612
58886317
114169256
11241383
67380232
22740912
78573336
127039628
3721123
16135687
112753720
4959989
1839661
106725058
12476925
43715214
2765276
3414925
9669501
54272729
171042833
14828955
34823402
46792522
17284158
101389481
170204956
0820453
103144535
29676437
24774941
4411010
7349285
3030722
1593801
4355100
7805583
66528690
22639597
66945386
98084822
14302186
127825234
0336867
2481648
2076301
37316908
1445632
0197118
46334339
128083452
1453633
28477230
49159818
79112422
68223829
120201708
0108552
33252295
4417036
11260488
1244441
121903150
18526506
93129101
0339576
25796864
77406097
19630320
58351685
4102096
24624149
1094381
169688087
1415290
2573153
169569276
55819253
0283779
4033573
0403953
0813657
54191696
4286396
80257427
128654979
15080916
1328906
26606840
19493801
2745514
3208377
96885967
2652741
91790703
1389555
4602501
15971205
134766831
154566179
0845174
12581684
99111698
22787341
64142793
21188111
19437424
2030254
132648423
5890623
57435476
58170589
46366495
4483035
19689130
80208235
36830902
33915990
64603056
12005587
0349866
16703038
3742856
23671469
61898227
14125321
41479794
181238797
2705006
98831140
2001409
2038052
25208723
36253916
42295706
131065862
18112336
92304774
3263777
61804030
64293821
57864729
3577585
45461313
100938108
20235666
3519240
49561414
81433229
1702046
1468237
52078980
20457641
23281514
36296662
44939296
2799901
0793218
28359326
1775098
1717743
20345261
19819685
46333052
65678113
6574181
0226706
2783700
100087789
27367887
1693441
19971646
13610833
2101610
135668849
13289587
3197177
0641123
3533592
0143040
10509208
98865344
3387134
75032027
42237094
114502592
101381955
7843710
1966560
20330407
64292178
0969408
32627853
58391929
22045194
9127636
5441861
56444448
44661673
16633813
2871494
0423521
120231572
20173820
109459696
116920438
5501784
1418966
0464692
23477728
74616999
19271437
103966165
57997404
1239904
89971130
127913141
42759372
20640221
22869145
65141536
11464851
19573495
114664628
3808487
41716717
0211279
95177676
0132249
1416505
35302004
22484869
64052208
23088040
2258345
8737514
21251144
162593024
66436678
0139287
76724613
29301714
27850312
172638509
23863911
19894162
0057742
1807960
2347585
4818513
1428991
1477230
4548709
10790474
0860070
11607071
148978810
99559626
4041240
6046664
30957888
2470129
78310344
19630372
20300000
74992209
11301129
178056404
5633250
60876706
0210098
4015888
23930832
7439871
57860367
44949754
170312852
4225397
19946516
1550775
100078950
35221994
4838674
100872370
53037576
21355587
8624607
3308181
169949649
23088008
45905125
0602694
13146657
3315797
8200042
68864570
69918767
2993796
121848657
23756403
13254249
54468441
64647429
25041015
42538340
54213529
5273408
60927009
14404233
7679954
113584621
82250503
31889658
22112651
53572091
98357144
3328034
30522091
6124799
65181176
0306318
30889431
159586757
2011624
35450586
2665527
0326855
130994797
125405691
52661036
85150560
34080302
40078215
1584536
72138679
24596530
11398230
5177894
42591868
151234030
1524571
65485006
61994120
63466734
15428980
64345889
107489412
148554728
3283442
3972591
91528775
0926576
46553205
69101630
5049832
3922673
71121833
3516464
160396778
84957845
8241958
34204758
0397097
147628028
106735135
102890526
10679766
22191726
3209903
51600147
109887868
2308563
44546190
44413160
29634282
41259282
16355237
1511039
26706006
35132654
99027510
57363433
14984605
10770141
80507339
107527789
21609271
75139216
35186555
8721996
20138377
112680165
2942410
5946448
92733732
4864222
0114418
1865710
0763692
34426994
146347922
52982193
26684893
40376080
20782956
22444077
118419736
22883278
37982611
2951179
64684548
3161310
0292400
18880310
5182443
2298713
89363967
0162257
129842529
2505229
40947195
14343374
3100288
10071868
106127675
4475113
134710873
0103193
38555755
53502200
58063107
22852340
51534243
127467440
0234064
7889160
97899798
1494461
37720870
0447850
18474581
1686389
1366302
0521054
5890870
29266771
0128167
133359413
1951128
53620677
25328854
0522020
59449473
13743622
55409204
0740807
1095514
60468068
16151243
41996193
40870253
0661026
7575623
3968766
60264621
0265899
25790270
0823523
43382280
34913049
165435781
20115935
2279726
46990155
99460682
1843955
95244822
10448687
1116962
58910098
16698492
0892584
84263560
9258764
2516553
34879061
18703924
20250079
2323874
1686709
59165975
5089393
42631182
24232188
22577772
68439030
80484204
9336594
1669213
0968368
33316611
2685936
6164808
3780755
106190366
1155793
85565267
22311002
109821174
150691280
24833948
29320091
0435220
6587670
174416424
2201918
9309979
7036211
46151442
44347478
96766405
26695429
23041191
0496731
42971670
148555378
22584681
58362764
0756099
3391243
66442091
20437670
1833259
3775850
20703656
6222226
1292687
18256627
33040621
7019253
0153610
5034216
49490106
69045518
3123016
117290446
53851951
146395559
138828656
160611631
0499303
0463200
26579579
0527138
50993675
57120549
7764961
45772329
0526698
45886844
15267505
8414070
24581893
107170974
1828665
28521354
25585748
1834337
1884909
59605920
4613302
68528479
3531661
4735418
57674288
71521775
27992578
0292957
31087248
86378064
1370484
12362925
60438039
42670896
87371749
94278289
117155992
1983122
3163895
2572794
1533294
1136423
19823291
4277488
120180548
107149206
155785714
20444731
0488185
12596887
1840632
3662960
137780235
2784307
1263031
2188754
2914794
34306825
19752191
5874618
1223248
1911986
0651863
34670244
3685297
73940563
4855203
9669270
3046734
2790673
1255798
120707978
11355477
37614044
4304070
24661336
23918676
0465809
130857115
103950238
0180710
185929042
132031132
18775611
43881994
4274885
124589440
12696430
4137204
110330543
5375354
157420573
30931205
113541768
8294438
80801791
156640995
40667822
11549429
155916228
0455213
0381734
55022799
108532574
88581694
75514409
28481808
29142473
68713587
61717361
90715686
106292222
0721570
72779389
33361876
2365593
96905670
173046561
2365938
26292821
78172450
0797209
55694926
17041959
34267898
68032054
117408329
50907042
24323216
48497867
10161910
0188019
2252429
48324782
78154248
66477267
1685993
21903400
1848420
19593602
0914005
99798535
0901472
78566523
34387234
85951197
48695956
62280069
48206316
62306332
22570902
110262632
7888206
89213968
187193434
28163260
13190418
63989383
23364211
37723223
3341745
123812347
7639116
3565400
1157192
28942565
10226662
3078003
27209480
36409180
0824745
1985025
64435532
2126849
0972033
24901258
