65384648
22297293
17558656
19407550
4981085
103507581
10530180
2029534
0380870
1452296
176950876
3982390
0943276
18033839
45084709
0956375
0459522
100126791
2490941
78322825
22678059
83874007
131101255
2744200
6735494
154631845
56608184
40249222
2435415
65900546
2604466
118371264
112055403
15544564
4685383
0529842
52504179
18859785
3708221
6809702
24863014
3291350
101270317
19548079
3055415
30064598
2546422
35996071
1771407
0269067
48698760
0294592
1234324
3363847
27698109
54043043
79102493
47842580
25922671
37226801
23896727
13934860
5356560
3404518
39905823
5877536
104849771
0721280
11905022
22148059
120039013
2247600
35986946
5456474
59599868
97636886
17751187
19619966
178646843
43743806
132530575
86867489
4056155
0044493
4119148
6760958
127895331
58462911
1993594
97057927
108438532
4155394
17283370
1764223
2200839
23856336
88699271
10158229
11135688
36885175
30070388
5443541
68368096
40877606
1517309
18848322
57486468
51292076
9990723
48409127
61665791
1172866
23379924
163645382
21256873
37328987
23402326
48121311
123574775
35788879
38347456
110725779
22858307
59336017
22852706
0446947
33696798
125327236
40393752
4633594
0635381
4799182
1864753
7798636
46767037
6628705
0630559
103873860
24520756
0780287
0883486
25572191
6084099
4940691
52804659
185083098
117501689
1211563
2812446
90308584
4825510
25581032
43196273
0563516
71126353
1531518
3347296
16751142
95085129
27252255
26190641
22534837
0168369
23219589
54777054
1976881
57200287
15767155
3376438
3332463
8125869
92956992
109512350
6630478
0699573
0262746
114862242
13417150
89866289
1014414
13026966
0776686
58918806
12726416
40778959
16586816
48427485
4453277
27394793
49109708
4079402
3406632
15469759
0136647
7439168
1762381
104484965
2660242
25337182
13307178
23222808
21388906
49985436
7913499
29223552
42928015
32672246
93616007
30355772
70613230
53482851
55077481
130304168
86182689
0458901
41766416
87519992
164408874
0552665
20806091
53272098
64478689
3957154
10816466
157731752
26469184
3792173
0948505
0958750
109505309
42047411
118395568
51608286
7067192
156480729
0197880
8049104
101367372
1894780
104325591
126954759
49977528
70975989
33124712
23286792
0340231
0816357
37119468
62933003
34567224
100927213
58438910
34919608
48555838
37781210
54770835
76334511
105417929
2132062
39243073
20860957
0488389
1123768
24302763
3643152
80615550
3619160
26294865
32648969
8625528
40842421
51600412
133359502
67727480
11427011
20805728
2628333
0356617
5222822
1878184
54726826
4413828
3451688
36960639
128756560
56406749
162348250
2403888
17629912
0104902
0896668
47812522
14937670
3098736
6323884
120563659
21878954
25172429
23874851
23012407
3381291
29149241
90234168
44197198
20577427
97714490
0404897
0440564
36222236
111479521
23393436
15411972
55672979
59968161
96762914
9737747
25125259
60246340
17472929
51625220
139581957
0171705
3354927
7096661
22695688
23302970
68203936
88696377
128069595
51760879
99947863
1034364
12984393
16770054
1364656
16670528
8528667
75718197
2175853
64619489
51140488
59929265
1931861
51935708
63859731
68217319
46647298
53327034
0315038
135177508
5243560
10274900
52409671
4669024
23280960
68328030
1633118
1001348
52582864
4442855
2271973
3532005
21947998
0435862
28476833
128174376
1172065
0321541
0528503
23722328
1827639
93872663
2259303
14117193
43042962
50446957
0159097
161874234
4716484
10183178
54365496
79971581
1126520
79777418
22058137
12549179
91892675
17378472
0090783
61725182
14662827
12939701
88467966
0438832
1476837
99977403
91290572
170607968
69895117
37544303
13104628
0422388
150946271
35529276
4644636
148565992
4552894
139072594
3960859
23450714
13880762
10703092
3571078
108189788
118168274
2137653
7888227
1721331
19385741
24786578
1777438
5018843
1192211
27456449
0778908
115900634
17543448
2444735
3728225
1362137
4922462
128896230
22574401
20263024
41758196
5985269
38421752
5322421
132550715
24187394
93819169
107714265
24125668
76737944
1812484
7213100
4722158
1247408
187829356
114459617
77348455
52217749
22045537
134960802
1084712
0331999
4909264
42585568
0435866
100133925
83395193
1727439
4491754
18664520
105249287
153109781
12458184
1265452
0386774
39593057
22788724
4213006
5373782
36588265
4172848
3832507
11288800
3680505
99995230
6104783
5740223
35413349
0633097
1617546
0765008
3713809
0275865
0173279
0602067
96685368
1080687
18157305
12837628
24101374
133591241
29943533
4807577
2643069
128772141
4768736
23483565
113193582
17899649
0358482
49633362
18427360
1075327
19648029
3706246
58747465
8035952
13824789
10669086
113577178
71041184
30215425
153403805
64592595
3447529
84397348
51919821
19363783
36784579
65243464
2940747
14420437
2609307
26588332
76711335
178018829
131904586
5190526
8137177
0343690
3215486
54229041
24155598
0621732
2420081
34845698
3654684
135389852
0073741
76096322
26106500
33005955
3700825
1106320
1837424
98194105
20339377
22496307
172062072
0011762
173622619
22525181
105973148
1842258
11806777
169413530
1248603
10235017
4679848
22259918
32704060
92625668
65842642
42919917
3745811
6602929
160743741
180179878
46381681
1581622
0193503
89505101
1328040
39578857
42555506
19843639
24082674
59196949
131218083
36908693
125869420
0684802
2197994
28863135
13046293
0077316
20876720
34855358
181309603
100879402
11902215
0762479
5561280
22423577
16600723
53264570
40144481
3242337
0117460
120535426
28349694
78181837
1019227
2832694
0793593
79833517
60591703
52234690
135925400
3959247
78547127
78090484
11687002
0457056
37941354
29357581
10027821
12436802
27053700
0280201
0675686
3597697
24122301
47948677
1827041
160333663
68178285
1326465
0085102
67973354
134004099
40900861
28242534
0204201
153778319
25705991
0741951
1364475
22732887
0126304
45566901
10918105
1418933
3750956
14840505
0148195
1990930
0296785
146330039
117735046
107557416
1175247
43917377
113793782
2716760
8008775
126352216
25644571
14518433
169229365
42493914
2849702
1960943
60975575
28444742
28244833
35896287
14371676
4897051
104310964
7767634
59240833
76816387
1297766
71782731
64901322
53291241
2917776
0602336
69436625
114929136
169425602
136506083
12423839
25937990
25549358
47407778
1161329
2119964
16090567
6808754
2238236
1329649
0355183
23689241
0046875
4339435
33169883
91390431
27423166
21280596
52944430
14790732
4903328
4304579
29932987
57748545
19654889
2880752
120411480
0479042
20626839
0597611
30431619
17794891
1542448
0103639
41288814
2189348
0258737
0606529
2182542
35088866
127894466
24409764
16720145
56938289
113801175
0312708
126928003
32039979
11787283
40953875
14088986
1433755
50238860
120739697
1927750
21274405
9788994
10602405
0446905
0411375
29652892
11772295
147370053
0598279
2926783
108154745
9473107
68722507
48019814
1731213
36803285
0426034
23467432
64294426
1423885
116839348
39793043
152308586
15466729
16161372
24331269
0427109
162771985
10866529
187856333
13580106
2398062
58010202
1133928
75514049
14336359
0191493
3310187
148879312
23158763
4021762
59967806
2173678
76878540
0150501
10915962
26402628
23173742
10132593
20852250
23699331
0735737
49432350
3869163
79275050
2514103
4793749
7747665
2595261
25947078
43186534
147860824
2348699
178631311
1255949
26079548
11278740
74739497
54941110
4185033
79687317
50482460
24909834
29638685
2015229
89131850
2981633
1187308
99784917
7258093
35466091
19653112
88297983
3400766
27175177
33172184
30811043
43348995
24534843
17471213
35774980
19646800
42418703
85475394
5856409
1459727
35318898
9896815
87188227
116603388
2152409
4269617
5430139
89003605
123573736
35021032
57871838
21413035
124074300
0105361
0479686
24166053
1829510
0582652
12900188
0744665
7083732
48326762
64276693
16072439
74834928
155518392
18328294
48454086
1549031
118276007
0006919
2705246
34759224
4303871
32247993
15702896
0041735
45295428
2539109
3935999
23665679
33232589
24550817
21925122
101039937
6442183
0612777
25634660
1120006
2255737
0914202
47068894
5000598
28579831
23983265
0853265
23741355
32672215
0853359
5637837
18833273
5555073
19867737
153539671
4238637
17604779
9323013
0138794
53476177
65519415
30128504
69627255
1493757
1432665
125366283
77469775
26014557
68532742
44337359
36330445
6888737
0046179
72401907
60357897
0799100
44057049
4155432
18616146
83311174
2896007
2406955
4816081
0507998
130433502
20673178
9988046
1128141
0042909
5637880
73616825
53356560
22165291
27843117
25770562
86750072
10196476
130648399
69033696
81668714
34356750
36873208
73787690
17091951
110077913
16424670
52675325
0178848
9718038
63705423
131583309
8439573
14411589
0537907
95992848
9717128
127340628
13272271
4503845
55940692
2366174
1481202
17540022
1643503
19062227
130083331
31776085
19796207
22195624
165210231
119107714
131691099
114759192
134287989
9477250
47367369
23654133
0180277
12026967
20297611
3769474
172743833
1887253
11815917
42443595
0675231
166395880
0402740
1888058
23014320
7255346
47485083
0005477
