35724182
85533784
0891769
64207413
0268765
163671993
44406995
67389329
107996874
98853769
132296757
0326095
20822268
60386772
7759378
1903880
2513707
129116087
2237775
22371404
1344165
0705768
13361144
103955713
46915230
0832654
75876990
17108559
16858462
63434592
2412547
58155116
24415880
30089677
15678825
19583866
107860560
9198228
14654096
35294554
15986714
15360581
4544760
34403770
130009351
0762960
25509276
36010199
8474748
0014215
9573974
56611645
10311579
3279763
9014548
18671214
46674815
1860428
4637671
9303183
56902524
2788428
11424533
21034415
1048802
0787456
14963136
59630216
112119331
109950599
110671473
62664583
10763738
11476380
1107603
148135253
65590730
114555313
24156649
50950618
36481505
22558397
12060296
25520796
9303791
11915002
69501966
24575870
25657381
0191600
56665354
0494783
24591910
1056431
51158536
11491067
21160381
9932853
104334059
15855719
4947418
149468978
15588823
27054238
2045932
118348982
13365036
1503459
3477082
24603706
17491914
5842876
0380614
112952638
0214002
42931468
72304164
161557040
112064378
69459657
133758274
82502917
109951291
72071684
36657881
88524689
0822401
58034373
5358902
51857864
0151252
30604924
35030363
119929996
13255330
53448469
5275747
152398738
7175290
88267634
0197847
6609162
0668124
97326643
131768317
1140449
43929444
8752919
125799615
22347903
1822164
2971524
26076545
4125580
1098388
49555310
186365965
11075375
130299109
0479681
6898220
5125847
23180509
30943899
137584070
2072460
38501780
11619477
20343819
34982503
61447430
73159577
1457499
5152070
1254785
35476777
54436553
120931635
88718227
69163413
32092365
11342546
33279366
0870013
115970359
1851857
1386246
1148753
13874224
31974362
2878406
175605045
0275344
58295337
19676866
1520335
2798651
0028288
1589355
60972274
9806075
0423545
0262557
130858476
83759560
3435595
7246535
1574818
130579718
28632610
23460695
24996896
2521222
1880143
8873594
13075053
10251746
73645337
0751558
56828210
21871245
5163777
33591270
144361735
55241583
90056982
21564241
23858664
5477958
49684669
13665540
114936312
0946616
1247501
40475150
4211186
68089509
79382602
184061080
18938063
4976989
0590820
1846240
87255081
74654871
16204209
43477645
114159520
102828401
52954485
34945735
42094522
2984716
1721543
135554680
12477371
139074730
14145349
10729210
19454031
0156842
120378711
8624966
66578720
130058064
2583018
26578226
56662111
94093015
130052711
2874199
13863329
1216435
4746354
1259219
84135871
1688846
33643736
1643147
5348520
43286596
93854064
19073365
30399435
0372579
85950687
1195359
2900181
70086816
52110364
1086991
22443683
94952021
56039006
104433412
1958609
15221781
19474549
47157208
117693957
21837637
24386244
31545263
78387923
5586582
98689238
86562363
14585041
0555649
28816051
4303056
19553736
13601940
8879580
9974555
60425066
18269420
134582076
1989313
26066513
1138607
23631437
10273484
45040787
29358194
58514323
107515161
75748938
4855705
1257113
19406252
169259738
0851091
10840477
36059497
119854527
0652431
186653700
15677518
57153693
83881091
167843890
105597288
58907622
41222189
92152470
43703256
58161539
3050478
5264035
89516617
39717569
5156692
3469144
8983476
65201965
0311130
77232259
11765900
81259265
43041968
1492203
0492133
10519226
24145817
154631992
1505916
30752920
1568662
38281520
77355317
119588644
33782798
108555423
10469573
22654836
2280494
4961908
104942864
102727453
63032957
36410113
2310163
11155663
131678901
103221604
5990434
23680756
42020269
22543465
2084786
1653888
148605168
12152630
36819223
20878403
128248518
99836892
9076549
45024058
91841536
18940188
20877190
33268719
44156037
0387274
74643298
3023399
75206260
6940592
1008989
165287716
0627641
7999744
9428650
26394187
140279886
101383365
5028627
60579928
9811148
24039038
91851672
28428283
1299003
23403092
130118392
6541646
0388240
21056710
48815530
1829771
11787872
134646264
0220299
20313320
65936796
17536277
34888703
0800651
158122129
64755374
114298621
0777388
3781716
47534699
0131164
66884713
85425962
59869261
147685862
12079135
49367686
71987951
94127797
1408582
0489955
147995256
33948355
82577910
11269607
1760982
0234884
14583832
4995240
0839935
68408812
24944336
53085783
64471033
6555156
26881535
128816687
9984952
0992453
151686174
46396740
110543210
20308558
8708196
98147856
16810453
18544553
58878720
0106626
14755689
149786052
1800695
61989109
2166605
18861811
26531473
142431060
73840064
22602053
3408864
39329099
0935742
0398913
35234659
178144769
116217601
94549984
0236263
18303389
109024434
74686406
2749594
13843672
22826047
12604514
20304091
81976292
36041570
59292429
67908316
21945977
0446629
6308313
154657392
40197442
125127019
4883358
110299220
1950875
99077748
152061497
188455636
5288843
0183160
134418584
0637587
11836666
2091633
35109137
39375651
0722235
151371910
37608090
70646397
23554545
33887313
20805090
102128039
2360984
0137396
1057314
5162928
3039057
3007542
55625626
9047215
0318112
67278521
22211631
129555427
62963353
17958767
6106572
0046133
19410280
5928221
35450603
175480104
57033413
98307897
119564505
0338099
0037938
20627896
0333351
48814883
0907878
57088858
82446537
5272977
108586827
27692825
80272644
64753359
23481167
3437580
20649053
10806394
84736927
0850182
0094947
42595310
2212631
2777718
61813462
0397046
15328050
44965663
1832165
52197068
12627859
0310454
2778336
0184662
9337655
1163075
54652174
19683039
5922202
19027527
6943716
28063218
37114485
19472908
61288019
51770874
0881290
11753625
148571911
44939686
61951999
2925560
11200952
11761692
38194835
74821407
1014835
73203946
0773881
41365290
21968268
1087441
62116699
17496624
0264111
6431005
0119773
21660525
119912486
87393906
100657127
10171566
5372710
61248671
21000939
17818551
2181492
25189871
53096959
43903514
2216373
1454286
10993619
37834951
19749870
19865047
29699367
31548216
7522738
136750879
0046969
55213594
95786178
0658396
79138851
0135059
5530463
36434892
33453771
18792968
3782363
23359813
57306372
54534710
12296267
74022315
0846202
27106364
155545986
57292560
109589104
65546454
11248668
41135384
154668687
18606628
27810132
58985099
126203426
178620975
133173282
91008057
24837295
57050579
39932939
61955106
27958182
1745534
1793363
82916389
117651623
124390831
0351236
47880243
0177937
123261559
0624718
6963094
132350210
47418731
88702855
6739689
8005536
133660171
29440526
35042271
9075113
22825041
3862429
8188575
1747794
0081411
13994031
11556672
10455416
186185347
34911887
132568726
51767221
5980801
45133404
3989908
66129942
76179220
22450160
35779849
10899944
29615467
29938642
21280291
1913112
19842902
1922351
19746098
0464713
37587439
2245319
13922551
1222863
1132004
163502839
26985368
4512964
35359125
55022499
49405956
111329345
7012352
89037621
13195442
0124797
24906227
3161232
47341645
129405393
93553947
32153688
2415499
40512810
69194411
139863770
2378166
97389251
5574760
120352959
38769993
68664920
5154831
116149540
8478404
77259482
19486926
13525793
30306789
11720431
2217243
50859806
68034081
13458917
0106280
4330580
63281924
0077443
30474390
1020908
47964125
59038884
9260645
19685619
125935568
119488027
13301165
24605028
106007108
31372586
4841965
87865549
110447286
97919178
2461636
35163374
13038475
1804211
37234799
13986365
17615485
7155074
107796015
0079821
53721011
47648483
1677041
1286969
0340133
0484407
21631651
0163212
19115490
24148456
134226180
94965317
0916602
26322093
147414098
35201452
167353890
2408650
25259251
0180088
10686036
1193101
67716069
67905240
35764180
146871713
43560569
138761979
3206167
58931432
21641070
31328605
101293751
4677162
56628419
0685205
91559650
148558058
17394776
1871648
57806735
151947466
8735756
190557735
46116118
23136389
20475502
25000385
43419611
49933017
109737825
70759541
90255198
60480390
44489340
18047092
11364257
27699177
151524129
149158271
29229341
105264444
37533654
29372555
1867111
11091522
134456390
88698869
10330536
27302206
0302085
57749636
85798118
3177561
31975388
4467625
61621482
15918377
27557568
18829333
1725991
80602377
190314495
14171703
55527628
1291803
23420653
102550548
161543812
32633475
96725636
127144226
122316027
146330004
33305293
79759475
114415641
156052820
1819613
43681629
26076655
6725211
86463163
81499083
133471623
25967314
54424959
4103165
89725928
49446495
17850185
16407861
20914455
105079386
0130667
28046920
176386702
16737835
4897989
0145962
42936359
55269065
81935020
26245750
7036917
5739674
19658106
148551736
11951712
34012534
110009723
5886334
35027007
0175373
51134330
3990193
1423911
0313186
10760500
113036118
1498672
56813779
27921253
72651862
27892882
1113006
31800367
88386353
23055365
24777890
36168119
34817532
133771883
67822529
33965836
68868407
20336887
9898054
42042309
92325791
3446972
3409590
16820447
2517638
150019433
24884452
4097806
22836415
99764910
68107486
1085214
55436807
111399540
19488177
4429433
88330152
15727065
0317714
42751674
83041625
23922107
4426311
38817808
0291748
26008393
