2589242
8410877
17278734
128980831
2858439
0643243
76801297
179602338
13948875
107800751
35228141
58225498
130508046
6412591
6918917
46387073
5025057
32618304
4727855
39149056
14738817
2616542
20450785
3268435
1421731
144881242
133273077
60755861
30302432
1755031
0264637
27486813
50681813
23537468
22621458
20661393
20677771
63441201
27557721
3018071
13779677
41379835
0185956
17922461
23060783
9937636
35690823
4028514
4372944
63423510
6469852
0329004
20411819
52784166
6144372
6737166
22868983
22376688
4945409
57018988
26680166
1059963
10048255
1225584
17891007
44693750
15384141
165233272
0402775
12181988
15731063
16409549
16777983
37115972
12009777
134772027
1624069
50012819
1244063
134370532
2959989
20116838
176916498
131736133
71921958
47246436
48310319
49050817
1832094
81251533
32628165
128405553
3014129
61272582
58366633
7898260
0972645
100286190
53956837
1335120
76242644
5493087
18390818
42689548
0206791
0500542
42823875
2985968
1537434
13326646
1803687
51469373
50412832
42644438
31470755
37433031
8465108
92197324
123126641
162592815
31066242
11907239
77033545
134263679
20518143
23118418
19628484
28430205
8460378
37198328
147675497
0687192
5220130
55705803
9382016
0030904
86517823
4075358
47636751
79776218
188849515
9136270
1652145
54546182
100132291
101271198
10951185
31386657
0234393
23914909
25898396
14318161
64702336
0529213
1103383
33815857
1866601
12135321
70971568
18853862
1501634
40857800
2760108
12233411
1292880
15102998
13513920
13494387
115992490
24317000
5955805
49588055
88972325
52081222
5265746
10610257
29620247
10945445
145025145
0455785
28119048
67942437
46918344
103207205
83558814
9588163
22823229
148554727
5288134
10125679
22585818
18721320
12580817
1771891
65708628
24554136
162339304
25474119
88609423
55607018
2716301
123579124
64692948
0963110
9069124
23707234
4670962
4227342
1887343
11118379
57616566
29504937
23504586
127077588
1387099
1926110
47218099
4623556
0519291
1059945
118782970
61806576
80216680
1683855
112574282
19797682
25197156
49089850
9909407
36817460
123505664
147974200
90278387
26250102
0609484
69516152
1029261
40611919
21899236
112913816
134920435
1845377
22908952
0872312
0905942
13674647
0804122
160540607
135286974
1005342
10776598
10902828
42662117
88664486
3580907
3092675
47756860
43310442
0987887
41157695
33016567
1745292
26528111
0674111
50295669
12532844
17905111
82327223
28861964
100928181
19836810
23911298
4641466
107824497
45895761
22188151
94926656
20591718
4587088
0981122
5171902
135278661
133653187
4144390
1250658
121034122
55195417
26044988
0096015
69167990
62579798
0597343
28679870
1138049
41765077
13150412
13520710
26401655
174337100
78300033
10516968
29272031
0596651
0332248
11255503
2726952
2607826
44998795
151239961
4060041
6426475
14782824
30867097
7024165
6546977
28047469
7112089
165249028
131264229
27839935
8679734
27064739
0369279
1361423
33098267
125391167
107128573
152125891
20232509
169988187
26744185
66946415
1970756
14841712
1803559
2421950
71229240
37748774
2064831
65505120
0199829
12171267
22547597
24081731
10168335
9093281
48807047
22820231
15084480
24024604
0009943
44357952
26652088
3853570
152918286
31158073
62009125
87869194
99818942
26375003
15463181
24748420
78784662
0324342
22853473
47424590
13503262
20695615
0359879
10315145
32757071
103366948
18147588
0265015
48857057
62738810
10812229
0388543
4294732
0404166
0482917
59959143
88493490
134378316
11439244
27405677
0303943
3366633
181289785
37667527
4746831
74322629
54743105
8304350
12041889
3856197
167929821
1532873
102321947
33069684
125816242
62568191
7353142
33460585
43537205
24047589
5416697
10385530
3204973
0254390
5125831
105978759
67422335
80834548
5620433
34038606
164950429
3493799
24907265
1483662
23539920
63084885
31878646
4536278
19959518
61644040
126596433
40116064
2533248
3376333
23059513
34457792
83844450
78600451
66967771
17051733
102080222
6279622
49405391
115581010
4273598
20681095
148907107
184841707
68847093
105389939
172833813
0652545
11656628
67732237
90301129
16540630
38934060
20372498
76267854
54076421
0276606
83344591
60669067
46374002
0014122
7205605
2076697
73636053
17663758
23350834
53973202
0598003
15093908
28579481
6305376
13103532
15505227
84692361
76491709
148676763
36289351
20714231
0440500
84656739
98149138
0276597
127235583
5143396
6315293
1584185
23437040
46143449
186768401
89483846
85200602
3925319
19465149
112613832
31636498
117472379
35686307
1071866
131683434
0068788
1318093
64990233
160306096
2193077
60542591
4490979
25603592
67048125
5314775
45492237
2129501
44299906
59262264
53144747
49034272
59485673
0777682
27107752
0544224
1030222
35135923
1812831
17085434
21538844
31460046
23605749
80177773
3799137
32828159
1434193
24615501
17651008
169210841
61247205
1340635
11555741
126558441
30408341
1480577
47825896
2722180
2626655
4385786
61104778
0338293
24974863
0506002
21308755
22557683
24615872
66079389
23296876
154029702
90672648
3511421
27137890
30119715
148031919
10926952
152388340
73790801
19325468
88833547
4623392
26029363
59605189
25348815
125602575
68134398
1933214
57540990
25664248
82033634
2546139
0245885
37989341
22945718
0337625
44991893
13794370
51726069
0417057
24532357
2654789
119184437
24421038
29888097
0280591
1810988
20967304
13795429
1137697
1594948
29330805
148552378
31153553
0094569
21020661
0395586
0873619
38210278
0440633
26579871
6211498
117307246
52260980
25338202
60418819
92417128
52542269
4670510
0771396
94215082
0768197
0923071
1727241
24770944
0789739
5830782
53388918
64373058
56947472
47838431
148669877
3573110
0104041
188333822
135258620
57984742
35409346
4784892
38888657
45907568
2889262
37669099
13972670
1888141
104874111
0996025
54821587
15896484
11056334
40968270
105829677
9617072
63922032
54414185
26581438
1615755
44575428
9457745
1218609
12682317
35227803
7931234
125082782
20363777
134776380
11658445
3783654
53015152
3130552
57974161
100862845
60329766
121231080
32634240
122036633
89856421
3507770
23578952
17934803
57246624
91318904
49666383
0369396
165431178
0978001
23106290
13289718
130277191
0889326
11333584
2974448
11445190
18047714
55811657
25753055
12967530
74168755
11130722
20256872
3051431
94411995
60783044
69996441
48518202
142799407
129164904
5887933
60528909
54385035
19455117
106351827
85117923
0731006
13123920
0167080
22924007
26665458
7816364
0033913
0898976
48405906
35968815
20527715
163708528
0888830
0062555
22705811
5332456
133314257
0624261
64013912
3284970
2407723
132504173
3074965
22656370
88274901
29728674
22087310
30100175
114808155
16002926
52466841
57649621
41082408
8946474
58651397
112135051
53372254
7752788
21342375
4181770
128001902
0554397
1161996
129565999
31705277
11145748
25130617
26870371
2103334
48534155
17637560
15516237
40410439
19404364
51483937
0769600
53961068
21844984
3089541
29875902
4005287
20281444
26777591
17657594
0574799
154335465
0918866
11018150
31528841
3573040
1509908
18854019
74316301
19198309
20274624
53084383
12549369
6562036
104213374
58300166
4851555
0103048
2222129
1376572
108520082
22383399
4304670
49555752
133715456
2185135
47966480
115360824
23944537
65256868
65887065
48284958
0459380
3079836
116099831
1732864
16373165
42508300
63961319
31550062
74392455
74237972
66423228
4823387
66924335
12737601
5613741
102454372
49526876
106330870
1282337
10422943
0111695
9364638
3739687
18979384
15427242
58557532
25101241
2137512
1118815
3324367
7383416
93625572
2240508
2019483
58615598
52343944
86470589
3096074
55578721
0224697
49560243
0137334
2257003
48598937
39316969
85509665
27069631
26932797
8737483
35443536
47225994
44306501
80110070
1348468
0292922
0367234
6643268
87428678
8640608
2703904
3001145
57400584
1096228
0336730
36866037
23522801
0167369
105007292
95027801
117492029
126436148
119284993
8707208
11752547
128762686
1678827
31946153
31155599
23377234
27377349
82280135
118626577
0373494
1741521
122346505
30038805
109304035
160461427
99982013
69907947
1182470
1078981
127433201
25834998
7037181
140787531
57873987
3402366
133983319
0117910
2405514
20793643
52753736
2505297
0437925
0015842
108660621
0512947
24331285
5065870
2514306
11868014
133291024
124627580
18441362
14057941
0372018
2811023
66586897
2894744
44803607
1560762
6074899
2788878
6025678
17786348
14548484
140700031
138522555
12851625
63214886
29575997
48370013
2031758
54023586
36673610
1644767
88130100
127084220
6580818
11729166
159500826
0464186
8598392
14785459
20313287
45213619
80922659
100474582
57143850
4432617
7404732
14236266
0858530
16227248
4119395
108478428
2381238
1679909
4509473
0326362
24010994
1485614
90843018
0089242
87319564
75142400
1687320
51282980
13308044
2775863
3713167
112362242
55960521
89968797
34414709
48833604
55107459
7051754
0912944
3131494
169413407
12122281
20000581
147669028
0495853
23427653
1771950
44034548
26841556
10148295
50944569
0292547
1669152
1441641
37863570
1493639
0958802
81631671
