15736872
0741615
117299610
4864357
14180528
49972601
153546693
36419347
169318311
155121659
12655370
124456052
107601654
2077863
65170393
84754102
0866378
0428136
169425633
2803033
38555964
0178730
0144206
42323381
57100141
3158208
5331428
75875640
34018806
26054454
12740167
3214998
1214734
7790394
0549076
0035073
79268211
25161083
1398729
21172296
25144859
1163762
64327502
23667238
1902479
4222156
9863510
1665795
0305355
134784071
92044289
0305817
1801826
53437099
49971246
107087554
114705222
69865776
2174478
52269947
29521300
67676910
42806418
33299246
22639653
90714461
134979929
2041893
8815646
13651643
3088826
32094820
25904025
41796664
32724781
96795690
157464276
126981746
1873320
1318354
2142918
46545363
89503623
1482722
115476100
25228770
2395095
43136118
51985237
5939138
48236746
6562388
54673064
8837819
42035336
3007113
120343346
8505397
0730030
1017014
26096109
24607882
23312281
0741039
1762252
86350064
1508022
56963107
151623800
1584873
77508185
5932004
30221723
44754202
8991617
108922304
78567774
142702856
128952744
5219412
23495650
2323300
173196752
4028380
134287437
53947941
18616581
168792753
128805442
135077888
3753507
36171776
86385239
42542397
61041327
25770820
0188548
22543294
34100659
0342601
48995921
1157937
119367129
60627817
1366284
111434073
13601253
5922369
93499088
2112273
4986911
46522491
35016879
0732078
123731331
33554351
3680186
20589696
44562322
148555063
8795945
58478741
8553050
134115306
101850693
2490280
150280708
142326499
2735813
148080881
93852524
147328454
27018524
4495878
18178179
16548688
3731234
29175400
20748539
68055023
72037641
34834422
68293229
42960734
19774177
22781291
20922111
47150264
7522125
0960955
0963478
69720063
58993303
0066549
28317713
63385662
24068343
20190389
92148629
0520273
4346047
5516322
50096538
13958356
67054802
34484559
11053057
44543671
4451649
19527936
1957479
37737815
0230791
152261061
4651583
64660903
22897030
10417753
0912023
10011456
155900994
24557962
125870588
0068059
173364792
61084529
2457564
50769570
63730721
32270215
1507991
57354601
7097734
57728530
19200178
49195877
97469906
23401959
1987520
5050273
15973514
4472679
2866175
166687577
146562491
11729724
135637436
6550739
10531581
46647047
31619680
5436414
170589618
16522302
15244034
127230146
24834078
10748966
103913919
1086622
66944379
9724784
2674504
0086207
16498563
21678007
3269381
0468854
2270485
14927381
114727953
125490508
22801986
22517360
0127635
50068528
12040481
100783964
107079670
4281706
0424347
42058701
3536978
44696184
64410476
60287733
24282773
1291471
61617780
23227707
38079304
28039142
43793672
27061125
3755212
73091255
22780917
136494399
104214842
0805939
66202878
2505460
0672526
31028727
54124916
5078351
8046532
31291083
65220767
158618739
13697255
67342274
68921443
36792116
2496946
87208580
25921696
132357199
153777758
3197792
4836921
12955214
4485541
91445413
117862917
80606670
11447453
23500256
49201998
18808950
133018229
65714090
116515571
1832331
7810423
45523790
103986946
3568478
33569269
32780624
39526594
124769585
11840329
96353761
159353943
58512621
129750799
5364901
5179621
139567100
173268609
0234891
133937389
22493182
93184500
82906591
19752895
0337578
12705795
166299344
128003825
105759753
0220424
70437438
1295791
19637474
1662210
72461060
49025092
84174722
64776315
21232521
19100563
153233076
22881987
21034107
155711816
81091105
59268098
1071743
1270821
23287347
123794541
4896586
82822591
7598069
2793337
24235695
56681643
133100576
46614312
1412753
23558943
73053202
4953473
11120041
52968750
3257203
23346692
2468746
5362323
188562103
26202935
55596018
2848566
22372771
0254150
17951064
24028827
31083235
49933368
112161547
14249268
2618696
0376683
52476612
41215953
0734904
68925761
1509117
6675081
130871561
121006500
2749086
127876278
52392140
20263141
36956378
0971389
11539586
68779480
0787636
102936575
148566096
106755108
0855204
13051701
0925551
107622333
22398091
21621242
7473815
70432975
67030408
108370792
64261284
166239940
38580682
56770630
51543037
1089796
0715279
0822623
21205347
2752176
1436214
1155175
88639569
48372017
15858502
0361794
0710983
19448047
0180449
4388114
130805848
65745671
0472650
49978208
0765665
15089770
156235866
65623565
79977586
19176137
93069444
0139925
0096166
1985280
10204329
107281193
53213377
126854310
3773343
16486616
67423288
47781493
1862401
27820436
55101926
40159585
2745165
13045206
67978102
2888959
67657862
27475299
35184139
35928789
2793219
9233771
23570003
2949714
27567017
21334555
134589098
70888675
15455768
24758478
4752271
126866164
45743368
24371018
11955650
47728875
3616807
14604685
23205622
116940855
1121638
46757591
64130847
152382454
0362461
74161240
4571245
24252895
2395472
2391875
145760660
131024862
2027583
43457707
3731149
22035344
99977071
166530499
0082485
19584043
20929210
11358081
63985866
8655629
46327826
13068130
23013010
10793075
1314466
35872215
25017104
1225575
44659279
182241271
20712547
2585180
5536088
1574981
61722443
0086057
0110721
27521089
107713002
0259834
1302645
52892053
12219549
85187964
21565031
49107493
0720351
98462932
4882260
1057637
19349076
157613706
19704473
139013965
62601615
87656085
38806538
120612815
23619855
5441314
26503147
17966849
46250805
69405478
3346355
54861242
29816082
47250722
4646710
0645039
17466849
2159623
108932348
68305480
1957937
107849703
143064602
0295701
114837789
132405929
28646164
104527547
29194524
56139214
2650467
51715524
0366187
0228298
13743563
46628667
11129999
24329535
1680202
50527535
93207938
32512011
0490897
1865762
122084839
49593453
2183846
169425620
2182064
103280131
22067180
51178719
17805471
53693270
5016779
3942621
0168987
1180791
91020520
2939122
103713941
11282886
52619449
7810150
20881376
25067921
4713872
8622450
119612162
163214626
1000993
54624586
10430250
1778429
1122492
4442085
1890956
0157696
101257089
107656628
17100851
4662221
45451073
41622181
26578131
3403296
18063336
181498140
0857484
131074347
144162202
2803767
27636675
0386545
41599517
12659803
12385596
57187935
0011275
0152704
4465624
33395639
14666684
3220747
2148658
24391749
1582143
5333288
4164599
187761638
2146637
0876454
21764308
107662990
22867024
129762030
48993467
24014808
17727201
6377035
46765608
119543346
23772047
0073258
1625344
0414597
117557085
32156140
4822257
19545896
1347929
7095554
119761888
57070077
21397873
41125719
78876774
21297760
1619372
0088048
5180499
3072538
3066854
6904283
63897969
157149985
74140895
0100072
30857618
22609130
23852676
1924913
22222180
42252152
1852606
0589746
1168730
26698098
0146387
0742730
49839013
15056234
162805963
0711419
24569191
4652767
1504167
42756499
0768564
20197722
52236059
12294414
65228975
44579419
117499932
48548391
84343523
4721655
110486432
88144909
0292132
148555601
0101312
23793449
87458611
7769825
17225024
22411854
18963527
5792694
38364391
0394620
59590205
15379752
0000752
21380655
27706340
25108986
0878133
7184084
11435225
46291923
131887489
0378876
30488180
87478042
0103354
27596570
7944883
4732118
18403876
11996330
52568990
8797018
74953183
138851810
57329302
52184812
39016450
22718910
3743152
95150421
31669217
26836519
39727813
107965694
26511500
101034603
21952487
23389479
129980320
0179390
27196489
54075934
45139579
42914281
48750732
1968502
27548156
2236783
39249924
0172304
23307504
0148536
11590833
0154557
0837213
0812631
0092773
0750266
8163359
55549645
61419913
32068488
0630629
45888135
111520756
41080878
0550763
52060675
118184281
158192085
1156967
5461454
2268153
43799354
25225705
49021274
5018511
38190748
43161768
65278255
130516811
108976622
4971350
21212908
24331281
3694305
35222790
20285013
44273002
0920857
27687068
4270654
19937061
92322623
168298967
0378644
35073411
37853336
45767504
7927072
64354503
29969601
4161069
62927941
59148101
1526297
2022032
14672320
12953925
70579670
127753402
11114220
50077136
5189983
21373660
4313021
2197981
8036192
0579353
29746989
2299508
17502867
50039861
19733705
15923483
13429724
112242441
52580259
47056177
132748248
89954842
51754621
42788376
0750726
4387155
42432397
55850244
123328421
0342753
45645374
1408957
0137315
20811416
20872582
65887769
26380068
2055683
114848546
1669351
161682906
19897864
9561975
2738040
72492538
0340113
112642459
96153329
32722734
91150040
22539672
0606979
114687165
0578546
69552673
4549393
0167166
0162013
1665895
19957588
65800306
87406411
3218365
1206191
11397846
4898337
89025872
99775588
22279468
10921950
128105059
6490215
81114256
162343315
110714270
47258187
98433483
5108599
29907479
11234955
176133681
16629311
3700493
117747169
12319267
0856656
61973162
130685367
0166496
12290724
6004910
57032181
4820616
24974138
79621766
2464166
24216924
0379943
1556693
113000588
35071207
133217197
136670424
17964011
1903504
1271502
1015741
116594449
1215087
126362547
0143205
5575727
48431917
19505456
19823524
113929572
8049302
20362559
67652731
88470055
19576620
0518863
