42758664
3867046
57406672
45427317
125662112
22252080
162518131
57792475
40516374
112502636
47523986
77357132
15079415
24725189
5035222
34265966
28260582
23873438
102379595
1193924
23311562
20005101
19344982
0444686
37620648
1706839
1204391
36266665
4909495
0439670
87676874
124122773
2009695
38324419
68986474
38291188
94822490
6545463
41885411
0473091
56161603
82869422
92719556
81603477
0337356
5157679
6225030
125306731
39606983
33996705
23258375
47630525
11824085
80885392
28714483
1853241
0014099
6804184
51510454
67526802
152570993
22948408
2149293
49000764
81102467
28251243
0707986
49845699
39289828
26370707
1233208
0833273
162967848
2487365
1175602
24297238
56776564
2530173
0182358
42293496
50361817
15386602
47111622
0184254
3678326
8732786
32356122
60079683
25597132
2132397
0374482
35105297
107303495
18604604
9444359
4485573
94711449
24323082
12526444
93564448
33196427
23138767
30815293
23367794
57284901
0655149
13028297
114796592
65258248
2369518
4179415
23930092
52653643
8153630
26454163
0215663
23137098
114644598
20829289
0207859
36594357
1562582
14677628
105944460
148560025
133305154
148353273
16317089
24645815
91593436
1571723
155916296
22148579
59980345
150346067
10558119
3084623
36932592
116202953
0084804
5742190
60176737
157124771
117209083
3144929
14319681
80067185
11126922
43853009
25345618
61163444
46064117
0753626
3647334
53927582
6295981
1066760
157420561
2652988
34676007
0518387
104561140
88769559
148472717
4550926
114488407
105258509
0226440
85166957
2121237
12161417
110150623
0342443
47493123
48776719
148556054
24648672
153192379
41672335
3802362
52611147
3055657
53330680
17678481
1767663
70125421
10431952
37519807
99983377
52413260
17433770
108831717
131499933
48058127
24804880
60647497
125657152
132350764
1162277
46789537
1584842
47910706
19363748
13396714
74107342
28166823
109832429
1232911
13121477
22379731
31879088
108046155
12212068
73465672
0167944
0217772
1013773
54121107
19693953
57430914
2400381
15446740
126803185
0615105
1438292
1840675
105176031
3076764
2007455
65247383
40966408
184487710
3135986
19767390
5031062
1855270
1113856
75432827
26290521
2921039
33156633
11278455
1251190
57142354
34974669
27034722
3538787
46385093
128435831
2898520
22940787
61186518
24342319
130169000
0426556
21977391
4549464
9685690
22984109
121425769
1703692
30994066
1300977
41585330
0208105
129139492
52478674
2024359
25346782
0498569
22156683
1558106
2285577
2020335
151290002
22845916
64261992
9924028
0484367
64264987
3475700
15303216
182123888
16594937
0581702
26735030
185075393
0694481
12809793
1688401
93386236
47521340
5371399
29435205
5381711
0214210
22025525
47773744
1081752
87148979
45484630
177241180
1152077
54537141
18158511
65648523
34259220
30880060
16199654
145196473
2600904
131266746
49192236
1550074
68834569
94900494
72694291
23793316
92899610
10220717
105449710
24466934
1054771
0305814
10712813
55140720
24802874
135735643
20866773
4919353
31885983
49508514
96141397
153294526
12138907
68307014
1528652
15120722
63916261
5371062
0802407
1318549
144425192
86685407
1773910
9956451
0307004
3783846
2306944
6598871
25239711
1775292
22226200
12650619
4266630
2819987
55781849
29157042
13522329
25648057
14907656
35307871
26717569
0090373
2942791
60019386
61692449
76049103
23311516
8360324
0965386
79938410
148578432
5566528
57073463
0869197
26109982
70077015
32826489
20708350
97434037
2682786
28101921
78099973
35483901
63781475
168180958
0484502
128204797
2901601
93303233
7170656
24253168
91555233
115755090
62487338
5146031
12572012
26647105
108539077
35262081
157907008
56961817
0489018
1154854
0631245
44207455
2592562
1987544
14897146
83611669
30123514
126365854
14850777
41701982
53091933
23318905
24917648
7774365
30883435
45963665
0103218
42153165
0372846
62625943
136099335
2102094
5038170
24834263
35989330
101021599
3612827
62874877
2500478
1712553
36485639
25022617
34932425
90105455
190151855
112843311
0224073
23903238
6990565
3638492
57421152
35445358
3793053
116120810
21197523
106028338
49061913
1841560
1314367
13429555
122088047
11337089
42584004
89300694
38062623
3433410
1566157
13349533
39929622
2973241
23903268
40708874
44268332
28119289
24792242
19372504
166784330
2296432
14168938
130293467
16993302
2542432
102536168
28899251
82621674
60500211
132747940
22778482
0390120
57259836
81079712
0717623
22228858
10151216
14727821
33790458
133044471
3983224
106579856
20293003
26869331
1304629
1080151
2132608
17870498
104341108
3042736
30640485
174072368
4938069
107585989
143077779
2222698
3865008
121380022
41776552
2144645
29749360
135319663
61444988
1601237
125998296
10890087
2948082
39119552
3507325
15774575
110074173
1307882
1828145
2237441
2171050
0794075
0760622
42668181
7557842
125117624
22847374
160650123
75837916
0215119
0642086
116120946
1261691
10629179
107054768
29870075
2311956
33269534
34043251
1926795
0760189
85649317
50950195
1476914
68454507
30228235
1322684
26460692
0375166
34575408
0228016
0089447
19000818
0805367
131940542
19491461
5510522
4546061
0075729
50013502
2366009
62074445
0322875
90778226
0469913
3576892
135110053
43497323
111267936
134214994
92187233
33145769
0100706
10040400
10631759
149041077
34771839
154266262
0372260
121960316
66139169
10483386
22169678
37944063
12196543
55082250
38049657
92245847
10473999
11592985
85216456
3348734
124746856
19061193
21916992
81289300
36512135
51254988
4004183
23582107
14689698
61123983
15400198
155189635
23974751
19395689
19739746
1242276
3962669
22466435
26554892
6082624
19972029
12449122
2286081
125492799
5286266
7704460
67422574
4188737
1015714
1218856
2103612
3308691
5130187
59030145
23560408
0318511
139039699
104640770
83570071
62432291
0190030
61977872
19546957
21298708
43992893
0074513
12555585
17604267
8587194
54194941
191007179
1149753
115850999
0351766
67523076
48698269
0294375
0476921
2156075
30510995
132625562
28190535
89547153
26564118
85621503
91936484
0320542
69632110
35883182
89597545
8094991
108071848
13511792
80853878
5344507
1126847
2663015
0940823
4798568
1470563
2381587
2554169
0204717
10720037
14199325
2116140
24259380
1508575
27321774
59258135
12999837
6790498
35652264
7905769
1602433
110378497
10894529
11192559
0141816
52378110
119134678
95309227
6856500
57910549
7363439
3145809
117782249
55533483
166667848
60833794
123529983
102352001
112362253
5202641
13466853
8678784
57319815
0929305
64865733
5189267
58801500
7864122
54232502
65481529
19905219
106031143
0312555
55147169
1485637
8141595
16655804
1954999
148970702
26523332
55471183
75628391
61872938
125701445
5569963
68380108
3798400
4186388
44048144
101914882
20045970
84609837
3204594
180950813
3335781
119341314
37041341
5506243
34582177
31284604
2063361
12161715
3284902
164035085
21949224
68632447
2449045
5295929
41793374
22918936
188180841
5867274
33482266
10399086
2276288
22792216
23935098
3592926
112638225
11014465
0804405
26327981
4167789
7057312
35087571
23886634
12074329
1340079
20562097
8175421
23393539
4785861
14709968
96494321
23548516
25358733
4530095
86072470
129436861
14855104
123996743
182470892
0643062
20645879
0715142
1224751
101330501
68328630
9200941
35061486
107273206
0041913
45138331
28984582
93349287
2479621
139141340
2386287
0381571
81515333
11456991
18288255
3410624
131909304
85636971
0476562
22021126
0005578
0165857
79993424
11268389
7970031
12468660
14164640
90622060
12281699
16916066
48192431
1298574
7028034
86539873
0174609
22722320
54413503
56115974
115595273
4967791
118495273
155927790
131249634
123429114
5843847
10544063
59931529
75184055
69053459
31367188
34094178
29686277
23700865
103874694
117382486
8265039
20989314
123720593
130721608
25328345
102029786
30947737
23591784
1782077
73454150
35963198
98451635
4090760
13327554
0696228
43488533
74741812
5916447
79943057
52753250
78826788
2108850
36444363
8271163
3736536
2449887
0521561
0797878
2568541
0487425
8473688
2596739
32060993
16403010
15112828
147461715
22522096
1010224
120831135
0518526
3303692
78810443
50558053
188268208
46911997
30493998
127522678
13542090
113586051
17539220
68311276
91841057
37173589
6083177
21839137
24516458
25513050
58279659
21393353
13133956
51438786
59936017
0142474
23436218
56509508
1095989
30125698
4038869
13752730
48102834
10092237
2328714
26720943
46512226
98580800
1781885
1609672
24440574
22504875
1051344
1199951
16453817
24864323
0281663
12189006
4306474
2496546
127413242
1464867
3157914
17321170
1755093
131570401
61011879
13288300
1894553
107205020
9070110
51434822
22026646
82745569
107978247
102089814
2859392
0193162
57420867
0629489
0182479
130874290
10850659
74448978
1683689
13796676
0581388
16738404
26815064
151954047
82644808
55133924
83833560
2170124
11231107
22195321
88301408
14865584
70340388
9848212
13341006
14168893
0637712
90819363
0759213
1069602
0927626
1619622
16288536
186474326
27623800
139572962
162885528
2285610
23436047
10614539
3225199
17726973
73187748
