22757441
6964441
139515704
150495101
8062047
62380660
56122752
1976369
105921331
82535977
37406571
47488296
125706575
10015332
90180056
38189403
30331343
1810324
23834638
21160391
69496651
91485112
164208154
28675707
4962165
0203606
53713622
49459621
19996038
14372888
0402083
31683439
13517396
3592029
14825674
34065162
89221578
0515704
148346885
0117631
36027750
40063422
32414988
92803063
72729701
0231938
1338722
83918359
22093874
70907652
28951169
134864374
5268350
29568178
0434661
25306235
24229424
8590641
155179117
69155245
62332349
1546107
85587254
0221150
3507849
88166407
48546167
45468482
14942343
24724312
0134559
22131361
68277117
0655731
1759411
22620030
48050577
20829834
2094246
0721957
2155952
0457774
7638674
2388238
26008803
29838504
8024505
67033110
22381892
5561829
99749605
23805818
114831971
133004424
0772722
0698263
90031477
9580686
136791833
0022897
153370324
38452064
20177024
118549972
1541816
89818312
16564447
96701565
103314439
64295687
48214134
1002459
0610164
91528188
112210109
3594522
91777823
21034576
124835459
72711006
44553912
1274527
182280659
31603985
9746328
1863986
91731012
165186005
100174293
1375892
4353986
4163473
44206051
65522544
0121317
4437551
16217016
6776286
14280854
102639398
2236597
12900819
56716238
79732840
2720286
9778469
44420651
0631577
0794947
38316965
6121712
11987301
3229614
63916571
0659356
0237938
22987618
4386920
17590531
79508653
63479612
26730755
1337451
37152286
24834240
59999609
67311026
60701911
69847498
0352972
12287348
56686269
1496224
49976722
0381809
35317401
169654076
50991728
26442297
76395043
19684384
3629136
61086109
24604055
0512732
10054612
1065236
24179951
0850171
2001946
37289501
47850240
113247434
2177971
3975509
130493256
7409387
137704954
25005116
2859500
56659134
44921297
24347082
125011199
48636554
4313283
134605865
102405830
2683855
11470616
61099443
1919203
0007719
1533615
32452187
21810999
23754282
120464345
55359595
57289769
3172282
55614099
1460312
54551892
164526420
44289684
75058321
9807454
164013822
0028089
16170461
34875353
57222009
56438736
0517790
0157517
10274752
54485248
3547251
1541583
15731927
126792109
27704079
134112709
67702972
48307240
12600806
109771310
0235840
82958298
123741250
28901410
18239571
42077811
23542676
13961298
2650416
9663227
23405025
50228557
32379716
46442870
16320420
0904363
4587304
25268912
2497087
0220560
3757055
51609459
12273083
66548373
3813498
134100121
4287816
47353584
0404652
22490118
1946697
0192638
82772722
84067155
98879119
20799040
146232059
7343974
0848954
0241526
108180211
0308302
13699754
90222562
1235221
50030676
89853857
45584846
0290599
3660055
22582253
5217469
23866555
129642206
3314616
122876435
3007653
1634404
17996292
10701126
19681440
40199777
29883531
9123847
3729358
24313368
11077328
1473303
9589981
14047172
106261643
1175996
1685218
96834490
0379340
0293071
9313697
48434772
10475152
106070729
101894548
155927725
20096774
34377666
0663248
86657061
67533153
100047423
189754272
151179300
0674104
3853258
133655325
64545579
8867859
90192518
9408487
0727391
129476801
1460922
2838125
38517538
150440273
2961599
108511856
2261805
110497255
2320792
22367166
0134919
1481400
29018016
25509728
23912975
86028670
11262525
24981611
0203413
0235196
2946212
10955213
101324534
12954009
2830733
0756556
17306445
135896184
0449647
152204322
27660191
1160611
2818321
0206544
56592465
1688224
26541467
68665544
54037272
2349366
133228604
59903387
171067415
34020167
39259587
44504991
1296095
24159014
5232724
11719371
117998036
57209361
91085960
87724357
10218980
1694898
2483525
24526196
0673554
0165780
0411333
17085784
74981541
57878212
25900069
71881878
31035814
68483812
48703345
12061474
25107177
115649160
1806042
99627625
34770396
101044800
69589778
41270150
1436739
61617045
54790111
10824092
116890282
87328162
33774978
25792526
22157162
34817781
134352374
13273845
26592162
138018602
30694056
123166823
15508696
2182088
0324835
51067481
15880969
24581094
10343860
23350912
125170195
2246574
106118784
155465290
61931267
115420276
28580090
1360650
52834034
35531764
130165436
20411793
6514626
36344787
101192003
39426065
41991649
75643858
0508767
45497364
10990488
2025665
127514370
70999312
25529911
45209034
4646557
17341348
34909038
151387990
9029136
14079270
0656940
4752316
15088034
68340716
79102680
25597962
103163030
4309318
33056912
49548274
40879276
32475404
22815991
1037915
10891567
1413307
2438231
43635767
47878981
56684323
10079849
149335905
23174095
12906670
2007623
134882841
23319218
14417794
2962788
4180172
5048681
2278434
10330767
0069772
86450228
53123153
2048571
60106781
4200298
104394703
54453123
77119313
0510543
127521433
75563713
8390798
0732604
14103735
19456365
5242299
1875531
2120072
24462350
0672376
26634786
19595520
1114030
68342592
89876676
2248318
1887120
0817068
186360105
16449444
109061913
59491234
92492033
0576024
5589880
3245202
79672119
74759609
43162951
0102446
43755754
10182390
13604738
26695465
2015968
17502288
17732486
2494099
7995342
53402066
17590527
1314757
26612977
42320817
4710752
19363213
116952910
29119466
133836101
21005327
165464343
57948355
9428977
0725921
1635748
67435365
22256323
48417346
1834423
22813026
157354314
145848187
3744063
0088544
28751891
12745518
24548850
15007075
116681362
155724468
38348000
30191489
4054223
180413077
23433805
54536353
39604301
133162846
97899806
102842138
98614605
15415958
0330157
49750951
16442047
0797150
24289090
23848530
0138527
0302393
0347106
3798706
51690560
62202043
0132424
1106971
1633778
101914396
2005147
0447997
155927549
20086754
6453690
26659088
118320809
2368532
147433545
7760471
17503287
23654883
13087617
3894448
105184596
54906652
7250895
111837740
18731442
160737606
66535856
2843574
19310044
28840957
126685385
89265085
24169421
14702347
15980978
48815924
3508755
76925133
25580379
16399785
19895537
3348124
119712622
1341920
28663470
57649417
9587401
39577070
65197840
49070318
2799805
85820078
51976822
183587932
4460634
14989182
4737475
12269092
88605137
42591242
6041809
155928160
0184977
148554662
97824103
45510933
102212683
22828366
1206697
2692550
2067592
78950965
12146373
8468706
152541905
0721673
28188278
52602734
5186470
109337872
1055348
48090652
171244926
42007920
48343629
186769097
4904626
101072914
155916223
5361359
21049382
63583056
0191626
77524237
0932195
1158616
6796581
0583090
11135857
1170900
61161833
148558836
151291638
116181305
16343533
1546924
0381441
2100282
103959440
2319256
19518659
65205224
133278955
24662351
35166252
22543083
87683863
64051915
36513288
180478040
2863432
49209437
108362040
58635972
2985500
124759829
26377008
27983903
1487207
22236153
188392924
44819782
33165353
19870466
1025605
3858551
2277796
35976753
0014492
6646879
52990117
7080178
2821881
53677561
64317889
26539323
1567796
0666615
2102829
43419838
58841042
65964714
72597506
1858988
165308028
81485215
16239890
61123864
0390137
111542427
116625104
32301011
3765530
0486913
3125036
50176059
45330151
0644406
129781443
63375969
25827621
23499543
128720434
32681300
93347425
4986077
67235789
20567099
1018480
0664656
111466210
136750745
112755813
158524635
19820115
26406005
1016453
101559732
2548313
45383662
78827571
102412731
26696647
128742977
0633309
51780635
0129384
32695752
103265794
90025139
0809041
0388774
9780343
23213511
47019855
65549791
0779281
1448115
4037462
86560133
132760365
66219465
1150945
127837559
3113163
30128090
1714449
126293067
0689990
36661234
0514439
48070724
3986652
1098302
1927216
74555162
19865918
10749275
57008854
40889724
0195511
0295575
1244636
20722886
4965453
152222540
1635241
2174696
34146207
15873285
17977264
31745800
32718018
29553178
115765719
127563204
107620360
0088976
1408084
20246753
97550947
13164778
12113128
4436835
28257047
2358830
35290402
23916871
92736193
112642103
152089413
89484335
5212180
63262265
44673971
5220173
0689963
42100990
1170415
12358069
53031722
12159943
89333699
15057509
97757525
67708633
56922219
11624019
56853570
0162655
19576363
13993997
24698385
23578147
68713163
151008966
3576459
0448368
1994711
2247108
161297067
43681689
24197727
8866824
129127796
1282747
7383485
12087180
0257260
17005228
126465124
1033143
5099158
0309034
0783345
92500767
0355012
10174538
73845510
0396482
20487970
0133266
46273113
1971572
173085868
12973214
0139992
19717190
84335177
51030366
37849718
106967079
0471884
0244088
1025415
0366911
1953247
93873043
1254494
65202757
1902969
33068984
152606134
0535081
32101372
0634323
28712490
68354017
13588917
33446308
156088793
26687483
169762374
0392902
0028368
0352834
36749877
64689196
23177327
37011543
0594351
34784052
37583290
74543658
2724428
20413580
4619021
13189249
95642254
1313250
99949822
29057542
20492926
45212615
101143658
11719731
76848470
70210374
30914190
6596149
3891137
45326669
85262942
166833594
19744164
119419526
116444325
151367452
6823140
0217422
16016438
32540717
1481274
