0776649
26505598
127969012
42463428
147596293
14356684
1480580
0365674
31336419
103980179
0290774
67703507
37711033
1986334
20063359
1218440
1238732
10691437
8572292
5619877
2480475
139602492
87284042
19589376
20112634
105697735
131093675
102557765
0024197
19171874
135066069
0993646
8808642
7494174
120431093
31458904
2864594
27518100
152266702
11663118
67617644
57722744
0702749
158098614
87088431
166682879
133146075
36446477
0268091
134529709
6837300
0181625
0941836
60151018
59086877
10448979
1469740
93464914
0097498
0332729
45237618
1208328
65176833
117039725
75369597
96105538
0536972
155280974
23577940
15327315
10503933
61936686
65385830
124482507
66085596
55951753
89023146
3860784
0975168
60233126
22216873
14241444
9419350
55582052
77886837
13474208
54152633
93540759
0214604
86557551
41209208
0559572
68822039
1737480
3649413
1828233
18610086
4890637
143316801
8842659
67407471
20333279
99502333
0482778
134579652
2519385
0334570
25134291
1382527
129794132
3036830
26355627
4132018
155916072
23561547
2987425
4857742
49462870
83338479
2009059
32391853
53800032
12005490
0824793
3257773
118678706
35429384
126737391
20279465
45440162
22568015
0136131
1813161
0163693
128136816
67003502
0750422
0305680
18067570
2365047
41210780
14862116
54968212
9965332
7905326
85202118
35342468
3450033
62301015
9215879
97507145
22195711
115403359
2171952
114612361
14255046
11645331
1182602
0684635
49380102
129142095
57087346
5189240
1461735
1714000
0158367
2146547
1788594
1683309
48708419
0261689
4445566
18970655
82162251
1347725
1356160
5275782
32603923
118586578
47573422
0637629
145868975
0738247
3259345
15793944
19155044
25462018
20073240
62361867
1979767
123101386
2202282
2903774
9557489
2601310
32835181
6947045
6569859
5436935
1885550
34865366
112498630
0312259
53820100
10607982
28473185
6977983
5001874
13279127
19398683
104677987
15831736
0693438
186180127
4473647
33088901
19582986
0374423
130140054
31767350
0573676
169425592
72984826
3312319
9758603
24619523
9128627
0984015
109923763
0433905
34245762
110838596
2742361
122709413
2478153
20590832
4895963
6018351
111409609
20137266
21836657
13022944
1394452
9470046
180784797
1169749
69896089
2568741
173124994
22996699
1257208
20155045
1713171
43220071
46581952
0378697
3787555
30270777
131893310
81482987
44052743
55085297
4067488
9933585
2677388
4655625
2669397
3281255
51867043
68878568
45792000
0232425
1843970
53287335
13953858
43131253
121888918
34568158
0521311
88560268
78214541
44679690
8235197
96477700
10738177
132579896
20290718
75547288
148565190
37805840
46369694
2888219
20018357
2059920
36438694
0725380
95838222
17859655
32171326
158795484
28715164
20916850
149117114
20410940
22229715
1763424
26335396
0287728
20786956
118326881
9576140
0616991
54386980
13605294
114907932
6701264
124448475
84430342
135384217
0855518
16817152
3052004
65372598
14566554
13992400
1959847
170521778
0380346
0876234
21852919
127455802
148720210
2824144
59641999
160673542
4005001
68648743
65921537
152127645
62231152
11586561
43314739
0242147
162889316
63518105
47124951
19004903
105970759
3430751
17943588
24536668
53519097
1871066
24009259
1296435
1311582
167612048
27765768
1227508
9008585
142268815
4202630
51968994
26669596
117798385
0667845
2176102
2526598
61772571
132833387
5900628
1931985
25776855
77395527
67653990
2092524
2668026
24459861
19527510
0394350
6384851
0091660
3645523
78003977
134518915
0880083
89084508
123297940
101831238
54152771
12160892
153900635
115781811
40592646
1000690
96397291
1909906
2743372
62891186
1755709
11857689
0668905
7040218
7270997
82249218
19644126
87748897
45239193
10167635
0596638
68878008
119797612
11701952
27491698
21895300
40903564
3518337
67654231
129171159
13909744
0215200
1124426
34140948
14655428
70977502
114689684
0293202
10063795
1452211
1279221
169008092
0932928
55530044
25755447
9385886
69727284
23475447
10663617
0269473
55055526
92286021
4587902
181295995
17099451
0388784
28128395
14353177
8625120
6012760
11675838
67859508
28755983
0205065
19313123
131646522
28856873
0085230
22104302
111065943
8063550
49819795
47201000
0765748
1579999
169412754
76986056
107392274
52316023
117428869
68945684
0330035
54104047
1766044
30449742
112934315
24243261
17153189
3737307
0632888
0403138
84497469
100229054
60376622
0536716
135538494
4244244
13758262
109115112
102537315
1101194
16125693
12415200
44825786
0951968
7276462
1891645
22952680
0457685
9522420
18845072
1609687
35734179
134906820
0404014
124941403
22857114
0375650
68858689
29500838
46847996
1702746
14866884
88359843
2261664
14375268
18731062
1020372
34714931
28703483
90316307
43278280
94996579
23532666
14035565
0670097
23255110
168800858
6302267
23842491
1862310
148553153
17472655
1247802
116767069
9209242
3024865
6523299
154253913
34226907
0031407
63638363
147870463
0197596
2388798
75830806
1384997
63775009
131860443
37426775
25066122
5995713
4732112
106825954
0903523
0059089
173436683
18741099
16788035
1691182
1982199
10045041
84559131
2241593
24176568
1910336
185494454
94981144
46211942
30040657
19150890
3152356
68414380
0724166
10541063
29057681
130441163
2633029
123884499
43596212
1261710
62945289
0005715
104163430
32253401
186028499
24213946
66927083
126356110
0408898
0307096
126240095
68302988
0979680
1216316
0283980
68198433
112701193
107103863
179647887
0384317
14958982
6965732
25301007
11489075
16488747
0150928
15246803
28425280
3816627
90205982
0188230
124252338
66018885
15307932
4026531
12836497
44028051
126385919
1199592
44429308
13549369
22723939
171343739
5088559
51227013
55226770
11800422
68996367
3426700
1431054
2327285
0570552
3845999
11879238
4066826
0177737
46086951
88209984
1290825
76469186
9636176
1908551
1648760
46007402
69641742
2011547
12926693
23594387
34760220
101519819
1176684
125117967
0701492
86434014
0261488
4613166
65755202
3653786
0270645
0183617
2307758
139318840
10780185
102786095
10594140
4250633
149648255
0832863
25962602
118699913
3441599
0108786
56537190
12844960
146645890
113110750
5306299
93459909
1143847
0965992
169693399
9073897
29863754
13472177
25878656
20384582
1891799
63888970
20096121
1087828
59686228
8419612
132880965
26129792
6440313
23873545
47015056
26484022
20652892
160563229
9119025
1032393
4167538
17718651
67050029
15766810
61493184
134231208
153458540
2893243
7153067
3634351
4226758
0880509
32615265
79840280
33824640
106107744
24893736
22867100
68897541
18396115
0846626
80402571
56374324
22090341
148096017
127797804
107044783
102240424
151295506
4377617
71193329
97824096
11577852
11922142
2010626
9253108
15942475
62628967
12838671
4052443
72281258
111946136
61568722
4911315
22943511
80436383
27510344
24158936
0308545
131511408
37926754
68139422
51600452
64552406
159700666
1849478
23994626
7434548
0948303
57730450
1977403
3056473
58203812
2965090
24551694
26861773
0748725
51810932
1423031
2864745
22066568
20431386
130566446
0053014
21038798
22035411
105865576
0268638
2020815
78816494
92497173
172154346
7557670
153816382
84109034
23139097
49932780
3081483
36672583
35109969
66035468
18218053
14023627
47303830
0885166
166390150
15725326
65718654
148574209
41792876
123616755
61528400
113031896
20961309
57454102
32817815
1043034
3298423
142619781
18670546
0325100
18172629
57032026
0009423
63312588
20842247
17674336
52185186
12222995
38725484
60894584
23041612
51246206
1852160
0861230
3591497
40049808
20824847
86481367
23980973
25957896
67437145
2502249
1518804
89976129
8318947
126694865
128692286
90935938
22025960
26923369
1395278
14043097
5533819
26690863
55434128
124634166
67457029
46870875
4858694
1128051
0101123
135673602
16055151
1651990
23992429
45924585
8178310
4240353
68196000
10048899
2935968
169963910
42910013
12781982
0365758
2983655
16231436
4303564
4790446
66062448
56853732
40547513
16794684
60162628
170383384
32755929
34187330
0583825
7848720
56769828
8242997
12699464
44412949
16750431
2110186
3758801
143286131
0385784
83710029
65081668
52287004
113015137
25288639
2375356
23161372
118005259
3399090
23477950
13354896
70535118
12364494
21252654
20749594
103690578
0586882
4740983
135045681
3438860
148445061
0409231
148316416
4132817
17389661
19377636
3734753
52021513
0076091
3036239
66359155
10298033
2661632
136863983
49529687
26372753
64879887
58123202
1241872
27203490
14598712
0564158
170417994
24367241
63193309
0927750
0509854
9267311
0667252
17792130
0072368
2208572
52963037
61541609
0591912
1343691
0265039
134668303
3705069
2633140
50276880
57199337
11383128
124584196
128453324
45788011
39126436
98567067
24000799
41656328
90792924
3822579
46071714
1247010
3074516
155370776
62443069
1873790
4439060
43441886
45086178
99741868
26300345
45944466
47461077
16650558
109603798
17542185
3443744
0821319
19699080
67755444
5156469
3698144
28662862
60255714
159550015
144100489
1000497
0236658
1909613
86413444
8055999
14048428
127261593
45085303
125689264
81790552
48238786
