14411979
179279672
19119648
30099917
15776417
22943538
1342207
43118457
128605995
34007050
1101975
63893540
20473026
20231624
31726002
42448179
24277997
3179158
0135659
0154951
18621491
5047347
84037842
1712815
60280659
19030081
8990509
51272928
0411178
20231458
22727234
45821642
56304192
13435644
173015898
61431381
1808226
19113852
9669971
3092126
129129103
169425643
1817984
149947444
6463047
3490082
3613088
93069170
11497981
54190696
26036156
22792404
11037341
22652704
1774203
0534630
22834250
91296555
58745809
20725017
1726789
1558844
16773950
9504468
73621442
1599536
78525583
16567048
62186326
27536839
2933513
45779262
110923388
35689527
1284467
2585319
2909079
0470392
131354801
25272498
0091052
1107327
68148835
110849852
2844291
1206896
28431397
176371877
26232747
151799642
0883579
19181221
15419821
26854787
39224458
0393258
21334996
5099393
0641241
22888779
120275719
112431292
34581091
39925947
55519151
135046702
1303897
2005652
1313418
124681238
13514161
2777035
10361349
4825530
25851619
139311751
59672603
12211795
60190353
24086408
53746714
0449099
15737550
26953082
127670458
4342893
184096189
27186533
3834891
3758786
20315186
28434708
13960488
28947152
10135907
72707340
24331191
69464351
30013965
2531640
1009810
2615259
36296833
22477734
11183822
0435143
97201756
3623633
88813383
1998154
5641370
112136556
0532097
2087589
20815039
0703042
21001502
19565768
4644228
4798799
187041385
170780047
21835081
27597265
89790375
26586457
21745295
62448197
118692297
124731301
112474028
0357237
1591561
85170763
42873031
5212401
40440815
0757863
100395561
0999827
38291086
9987799
20829013
24106710
3133027
4140674
2410250
45750429
149002011
14658873
24367600
155915837
22954250
131127050
52554120
0172619
16749093
0967528
10996981
105136670
33197632
152893945
21105466
2373168
78063203
1728627
3358330
61273108
15626651
105219954
1386904
20251757
1239899
27009770
36892822
3640395
13275703
20641520
127909658
22791845
25260323
0089749
32391596
133003750
62681455
19675794
7816427
19545394
25773590
16459130
1034423
36391942
27673511
3264429
12126591
4156362
70815668
10474260
39306280
2192379
8835500
164646092
2157986
26268693
122929263
4638140
26767066
0968640
19284096
107212957
20318878
9890491
4111584
3437413
23621375
110207881
124401182
26597329
53570861
0700202
19546349
29987633
0446654
19613910
132716428
49269518
89352722
24381576
11157922
22315729
6308768
16134195
25522631
38332360
0415354
22952261
91606960
64524053
7526857
0439044
175020313
68962077
16936661
32207703
36671058
19794927
8503729
10861619
0276080
61979411
0409437
88296254
21400321
1560598
4088730
59581831
31488576
99433799
0860599
0155733
12143036
62674410
13388597
43147562
9622502
19113821
1597239
22378198
97018741
69056625
50918346
57776443
25683691
0109692
20374487
13431945
32606904
4598108
63746510
61651668
116880057
2307412
59643290
20377064
100659331
40150499
54651770
0096314
46999892
88560049
45886242
11059167
11160188
0305537
99103704
6994848
1415868
37938140
68796226
98644452
49539771
56599383
112054957
16633507
5262292
20749094
136003061
68921270
104180774
79992661
0424144
106492318
0044252
24340247
11305421
23594802
24733533
24499415
31832000
171771410
65997588
8105614
3271134
3754831
3455953
5777338
1741420
2608510
57488623
3007329
0842119
3150105
11272902
22595605
113580649
22832635
0564031
20591912
0805697
19898407
4379659
32950793
67359556
86854775
0324457
0647929
184590873
129737252
2070098
37880978
29127849
18744172
0180881
1606357
70054285
27923169
0188478
12470805
3069000
101002540
43119296
16442535
13515953
20016302
23605910
70044876
22627434
4304211
178398371
64655180
1597256
23887409
21175123
0592985
99980010
5720028
12944103
20744999
69413230
0578872
45776982
5885382
168320283
11083063
0775547
20104158
0397246
5116808
18859607
82404390
2698249
129217875
21243621
0407439
105553137
15070170
22962063
0569904
1926504
111226317
0213189
1584942
0255879
25247042
117559921
3092593
127301836
79658513
0980218
1885856
35355780
7845304
149993617
37587072
7786920
23778642
0124881
2255039
0106571
8216874
0968804
71385735
82001468
169006030
40423202
178406604
90558047
0541977
117274990
11441690
26095777
158585468
18279193
1881826
2631824
65948490
37075185
119004944
33067187
47057956
0752288
157450976
34159362
4774257
117253398
97766561
20831420
155687787
0620730
0192108
148942627
46054298
11157093
7409944
7974913
37534816
62658041
5181680
10039507
35247083
5821247
41518081
154061126
25246005
42475257
10930338
50322783
23903167
38017308
14881394
102705927
1176425
94135098
35121053
3409181
11183835
118096438
74890747
19043074
10230663
4939934
107340115
125246777
148559996
104554292
26393452
87419527
51309405
6756974
23849084
13710141
23755090
0091232
29140961
2612373
23934242
9735597
2110689
23422915
98360884
1046827
89699346
153839602
13586393
57546623
5154899
130364351
23476804
20940005
19797995
1178380
2082626
1081214
5748766
92837444
38351846
8540138
114981302
1261462
0157894
61751434
26324751
1426008
97745132
63486297
5395479
4234301
6806033
12693449
0017252
31972568
10052031
70958101
11602305
2632576
8388283
0012943
69368647
3481240
27428173
0401469
19071316
24277235
58166314
0780691
60118958
5518690
0389403
111763670
14339243
1871179
42319571
97449621
1704312
17402378
126485163
117829011
84777919
120537225
67524802
38570725
94782720
28240941
22364949
50193444
6843801
3614860
14941221
4414408
151984578
0566722
69027140
63032941
16074831
0147057
0952602
129247044
7291165
1754658
126181816
11921016
36330037
177319591
0420291
2661129
14845489
3045188
167123034
108564151
23053711
0879559
20340848
1982883
98398749
24612562
37851013
41474117
1502581
100751400
0034847
23772707
83360678
58411135
106936190
60871021
2018105
63046823
53194284
15371037
99733872
44852692
13226475
0412943
14401992
53055434
134249420
3572950
25380783
4597279
26125745
50126214
43364424
3872355
61546812
20428325
45271041
18416222
40668742
1353450
48260111
114874325
52615889
23216349
2701747
46665066
21569980
130705476
23538961
17062581
34197306
5678001
106145064
12327230
4427087
21946062
57716678
147403320
91354136
19937595
54054840
144457966
34121328
41062613
2069511
0714737
20374249
68201315
37712874
97469667
35027488
0530121
154162811
5532363
30540155
64014979
29557926
103137921
1384978
4185958
31512640
53005021
0087375
18849568
71459788
163332954
4259471
61539916
3188625
23728519
25452211
21211006
105620218
59959100
1546542
19480009
38216484
18790419
114818363
69206107
25703261
43736406
12504925
1217333
44897347
63484465
41281335
2009504
30256162
50220914
126003668
24512146
8407042
23477563
130332172
116885427
0715462
117838814
0252688
52159980
1117027
3942371
1759503
2836319
12704048
1571943
0342623
6775436
100116496
121458913
44220683
10266223
11154803
5204799
23368141
82024409
5399151
29201578
1113322
4660353
86070968
1439125
89124597
61560466
7235560
27664794
95914363
44505251
32791082
32106619
68607646
135258616
160281739
0096447
0160806
3720069
56838658
1736980
26872613
77832441
41376743
1559834
92565824
0021711
104089675
4220481
9295399
54873148
162199101
135034922
13576566
52878670
3459460
17848225
38511774
65273437
65674601
64586355
4182060
25240254
19975050
90755378
25511070
75497636
67068492
22522168
0459767
54091725
2999654
23814314
0236462
67520192
0170138
28941984
53456579
54176053
22972735
13488841
21194644
0545502
0964960
23525380
29319384
62690172
115277446
160123036
20327151
3586484
0847794
2214527
13417749
37731726
1663434
9079243
50459436
107085846
15538279
89141823
121030870
2936213
92822444
78403857
29767235
77020720
1787672
77033485
5135468
68351532
43616046
0650250
9134587
114772471
44172932
0521967
133004846
124564309
12048299
24330559
110828165
2699843
48947053
0495700
16396427
87245679
13050840
162788256
2294006
78293905
134953828
9365377
4512058
1994813
120696687
19266142
36422659
3693703
0979064
84640919
65188668
87264273
1303993
7897990
146359164
2718919
5271968
22787518
151992147
1157313
0395771
125668668
32902823
1284897
114358572
13055122
0317004
22079509
14735208
26374886
14713788
45062542
72321722
1880122
127583052
1512165
13314530
3261255
131167878
53070956
128753088
19623957
4582366
19415559
2553391
26226368
111605006
17816293
7168386
1501216
67780312
36191954
155916511
132297151
120431365
154031677
23715067
22630257
17974792
107910595
113833045
0276014
6941461
0460776
120655945
27578311
83915896
11873190
154830901
34637273
0323321
63046176
39890593
61662231
1655352
11475352
43788351
37684474
19629461
47389885
0279405
1465894
23511216
18089955
12685671
32887344
12666427
49642777
7918571
24459421
37248499
3986079
0389453
60462629
0305241
1422427
53293158
0404362
127500312
54857854
124316685
14894185
1652680
58186682
97480288
117049175
44723035
2372774
1090325
30701908
14029890
28090228
107901865
18155883
183925941
2498863
3385231
24193351
1342135
19497746
132041895
43120283
0270906
