63325183
45731991
1170003
10179273
111163088
127046395
85652268
2663727
4175994
2971271
69911035
2764482
28066765
40944700
110868417
3416554
29040860
5846554
1826047
4237030
0403455
126629485
120516794
4821502
68730701
0532570
10872671
35153507
94888192
26910394
17095564
180166325
0415293
43731055
130070592
87605442
19957586
0310898
45014996
127495746
0785472
74796191
9018067
0447421
29885789
96441467
36236368
4014975
63508418
2380004
76852524
1579877
62182018
17549527
154344170
90647506
48961864
5176810
46636797
59596235
188224574
1096334
61995557
113573613
88129656
0430319
164946142
109116546
0317260
1779357
37521599
40637408
16346226
17848784
20916867
80506435
45141721
0541303
21068828
0151182
0002746
20654873
7064636
30233708
67828078
78329540
3532533
33771553
5632297
78691255
1032474
23023758
86552833
52403672
0912109
50090757
0294647
5069826
25428274
0971992
29890762
5214958
56041179
2778008
170587554
49071342
60338267
99131974
8590690
128373875
1904142
57032055
0068459
171446591
48358248
49977282
78149452
23036024
57677747
122383078
163899271
64736770
174008449
0366788
48266398
1051490
0296584
0549938
9697639
63340579
4149706
0681395
30036365
124325401
19043463
130825281
76724155
53948183
10122044
3074289
146518636
2849889
7332947
113224815
12173310
29284131
1256836
123181102
23873885
0254661
5026138
26393288
0704043
173844042
187909079
20549475
102928023
0122173
0515675
1795710
1621347
131748542
27470296
25505697
67076015
1775555
39662918
157420592
126061704
81192137
55865521
26436232
17662133
0821049
122025128
120718870
6244566
0393818
10789339
3113259
12954209
2455768
12138437
0426172
6494670
2320941
129043883
40083440
5045314
11907281
25280024
153962273
7693952
55718294
3785581
3387663
21151427
120343325
1822102
1002981
55124008
169425727
10366214
0348392
72064662
0111544
6144655
18239597
6165462
22754433
52895853
5351240
21408036
27746557
93915751
24046888
66011709
27222447
1591233
102979224
127575701
87206961
21333888
1934711
69977836
88227789
0960813
73167212
0580603
0349115
20725041
57586647
2220119
80572361
77537801
15522438
5391732
0170389
1969091
0513398
10956600
74411190
6137814
109314367
27220226
127787371
64331962
149469545
3211385
20565231
47714525
0184717
100900390
51487544
15908005
9169832
100643911
46041900
24887335
13956783
10980492
81040920
55731527
146717679
59265736
22888288
24806054
4428192
35006229
18823163
92315730
1560745
32525025
0246269
69707294
76455939
84972258
23246506
0911514
44363675
0359880
15192278
1771862
120700545
25225056
44785706
1168666
34499534
0613413
9272221
3145562
0446980
53901119
12586828
68026304
117608970
107969784
73772524
28023888
85268147
68682266
67443885
14247045
19743043
15389049
36817600
0408258
2374999
65918886
1654459
0333576
46050233
0428099
48331574
29190997
2037680
5348015
23758862
7794440
59844801
38469871
68147537
0097588
46360491
69740889
68287955
3505994
4632653
25200150
28996089
4110213
4874639
83822756
64152839
19441109
0819354
114819007
0981570
2667370
69254590
25289874
34951216
1978185
33002109
67276446
49820287
10336332
19078343
8317523
15493254
52409989
83194007
0835839
4798204
24183531
12882524
3487744
1148137
131382028
20748638
3327371
13151672
104364239
4879249
89631083
2879750
0830724
51463852
112242768
0077881
2335311
0186789
92852417
64625475
104021903
1486661
134826551
21814503
178613928
18194926
27929319
8045407
82985751
115196080
30972969
3714979
0550732
12811440
2790315
39430859
7850750
0223488
16640837
9217986
1796985
0392231
1181372
44970337
106992761
56663086
48567077
139496468
87760294
20431127
43455831
58858414
21552176
10302139
122708912
40016938
0040729
147390197
11252838
66234218
4890250
11514383
114824264
22050407
24665397
68601088
1788395
52226670
28958284
67976428
1273474
52518028
54595608
0549740
1490681
57166071
65004228
26071545
4399214
19227254
0655798
20750911
3750063
21524318
68438875
149839915
84991227
10158895
3065756
55855229
32376015
41336967
24938478
35839399
21028733
0359842
6032652
111300958
1630942
25311392
37149208
1054286
1851502
2647512
93627920
7376448
28175691
5297851
0660973
22049598
0074139
3562181
2819411
7350858
13677466
133705242
14148862
12915836
48380272
69513435
12440907
154537492
23707807
32921006
24708935
9777631
130223400
22631810
125662929
3429462
164656210
0447175
84840277
9609171
114015034
134277977
85976313
53085101
112388967
0956282
0313323
139621299
2889407
111359914
20062301
52304478
88292116
18561883
156960967
42812939
106381027
0772549
2502592
20079195
7047239
6679532
37866150
3265434
53732732
25883570
106783583
13661257
89787119
24702266
2022244
29180775
28390641
148553978
1040948
2311499
15255162
2550706
0683496
18068294
1869565
46848513
20553623
27344817
0154569
24911035
121364150
100310304
2909501
28409806
26380283
5283130
22342197
5076133
74269065
168823538
3401668
9310544
4820578
24424966
129370917
52210600
23859631
155306493
182152772
113879955
1058695
1198299
120415043
58691752
0550880
0874824
3658197
28415539
43596126
95266486
62227629
105976865
0139451
58056367
1663132
32099156
12067121
63244686
67825227
3094366
16666273
3665375
149846205
117679680
1509180
44266545
124953264
22512749
0631393
3971775
124460337
15125695
32959837
0157498
14670182
1043817
15402548
17822613
27920851
0203039
73013875
129526709
2282138
57394849
24007366
6096347
1284650
30473931
41761282
149924296
2947341
48407641
1980092
21283672
68660855
2378516
1120798
83245255
2709462
64334972
46470152
36359053
0310935
52588276
54354893
31931232
3293627
110995449
118041271
2908695
122754452
5295740
2624573
52173208
26929055
23594963
25588210
118322599
129962628
50241333
32664795
4878305
120551131
1103913
128818793
14966671
3855660
110795158
5906788
19478057
0227353
4554745
0762484
131459102
38214812
1443471
29360102
65630430
28362435
1478459
0475177
0851457
17363308
90902257
89627067
43749193
1416696
77194334
57197635
66094984
63664834
20135889
14319308
23818108
49059836
10597271
2229797
0144995
130162610
26465371
50355859
0055812
104436023
43115153
172560545
2283119
9069593
25801614
4409966
27974293
1983646
2601203
38771935
5298292
1354678
3781084
3373608
22864549
24178060
13503511
67062099
43547231
1773277
1710480
93074431
9734566
97335580
17105101
25298714
0093614
64059236
76446728
24051675
82764358
60663253
11235309
26411782
14071575
22119621
62083224
36865642
23720508
29229716
1078421
41182348
1019395
0377198
106121194
23353744
3446880
55049002
1305623
1298079
6563416
5400874
53489886
119375375
76404605
0945066
135569093
42993882
63657400
30345459
45288933
48291445
37700822
23527133
113445769
27976169
0084926
35180932
21135959
7589102
12202993
2698519
6296696
65729555
0366822
103024109
91949739
19929780
166170905
11941805
67814380
50798458
35289838
7182683
13579508
0006196
4720785
22746344
1830491
13521253
10592382
69172350
113043712
130129606
0590274
2530597
19411933
2983202
7698325
6274765
0927095
25506300
23393517
52081862
25931653
37715206
2570793
43168753
31136928
0770441
0105619
49251597
0191705
41092367
1091602
17687688
119728119
5895607
96688551
3267397
44653326
19608258
0213651
0476267
163511135
4835763
79852433
16005221
22174877
10121168
14813255
0422231
147432796
22033402
23299494
23002786
1479518
127324347
23488037
6944461
90578176
1283484
25865742
11322586
115698397
87905659
120711212
33061551
77836851
22599965
1076557
108252512
12653500
1567298
113347139
3917861
24476970
13864366
0811027
104324826
180688350
44364301
0660478
2246909
26024835
21051658
143813391
36482679
2413797
117734986
1131365
63534480
2790894
27929454
64813272
89064400
27137158
83101019
17768489
25291966
7671471
1187307
69035224
13613362
169764639
1264507
45215254
48206833
55149678
76435539
133112507
1292830
48233460
10388785
4092105
99580416
131612777
25990574
106071833
53006847
97292854
23984305
4571680
23831033
8306989
12893474
12664871
68133936
37868248
23339504
52924109
50947585
10888691
47886505
9303288
3456551
19107019
124594328
0238943
55017317
71833729
69334778
146329932
36231372
56859208
27341778
78283763
133728747
5164725
126309485
21823175
18652100
0335885
31158068
35387448
0270322
41188963
106926900
157906961
1455511
20544279
86613596
0100555
33610866
0975897
20681547
54043250
2449095
50463023
11817103
2000407
27130273
36392546
18702001
23046272
5281427
48556426
68409216
32146225
55356327
2772107
1011420
91801513
52664107
48302645
79568152
23255662
1475655
23392400
70192967
56122419
57180661
1829427
16483899
2945144
0789402
84127371
61634521
23169437
1073948
23163730
140310098
17941754
119558228
1095914
37430707
22283965
176237657
0849572
166785190
28095258
53797378
22074251
30534116
57637625
0407017
2212190
0198282
0453321
22945432
24126483
17722138
90487389
15581799
34445672
24654656
37812556
2253449
16036914
0594212
148552523
45120422
9237072
2066562
23567761
17860780
148138930
2233827
128280504
15088364
18609493
18285847
4148206
