0391816
1636591
0130145
22540451
0215041
11995945
23538181
5057884
20165649
54179176
13384964
22696776
163433447
102611284
12680645
134424798
28394444
2340322
1341790
1750682
27976228
4628837
24894420
38274653
19514471
0326109
1350044
14030504
0642664
97358091
112107413
1127626
4283900
1226354
130750996
24330496
54676387
21397124
3980785
44838572
27752884
5025708
45583859
4269151
22515049
5157586
49813712
160065785
33336853
5432037
1874590
71093779
0315467
4405349
123329706
24324599
42643642
71505114
159776828
63292420
152408692
7391190
22101624
1686961
2162224
2156700
36784112
50221728
160823201
51104328
2366620
0394025
15857362
140843610
4410671
112769020
3033294
48035871
22239741
20656456
20844869
0492211
0563604
2963927
1179335
0563841
3336009
1746527
166608028
0761477
17141012
6098972
90311451
22158190
1283266
0502810
50868762
148203247
2846617
2349170
14255339
58222051
2000543
58589487
16142093
19219627
8729956
2969840
66220788
123855598
60376752
76486332
0151183
2734604
0515407
94060259
110016517
2099459
58187855
0581999
55425624
21853024
0735294
127368954
1971446
3584497
20624908
0208199
15560119
2464625
130228442
22554508
1441066
28314723
167545581
14760400
2019491
21218807
13421642
0165775
3249976
107910980
6918938
22648619
35513146
0253205
0281692
49925694
20680188
1867773
29008800
4795285
12845539
1893703
128602888
1335522
37367460
11139246
63795081
21844968
4830672
5928700
130872564
15953569
34251848
61477171
168503726
19694246
2532491
50677052
1441715
28818751
4380929
2472809
21831671
127502444
3260120
0093983
4698943
19044928
64816174
168803969
19272641
57042545
17675594
95850157
18929563
17687500
8613956
152737981
140015463
100147162
0177468
0306220
30191127
111557100
12930537
95423872
92132655
0312794
9328151
179198057
21893889
22328566
53232122
132646355
5802104
9823908
21225431
50267367
13710190
6607714
33080806
30256655
90163503
0139793
60195330
48271413
20337895
49640241
55321799
4330527
4628405
108288006
191080196
5367285
19593757
0968940
22029741
37548746
0020556
79431623
19597534
1870903
99853365
1067109
1050414
28145262
3041235
14428864
115734307
27845052
15026711
17122045
90812997
34118638
25861256
60653886
43830850
1392599
79835376
3589801
2828013
5771352
19458549
8839292
0497972
165448445
30739479
8940756
2698522
50478995
81653829
20488737
0564402
80253962
5052285
69011070
86177282
3884355
25595718
48802240
47714680
15375883
44858066
13570912
1762936
27594679
1697039
58112568
53685848
1679545
0142677
153270332
0655527
123412406
35091907
1044465
103165325
6453110
0641961
3797726
130278690
3453383
2510062
13201441
89976008
1392801
21176577
26910340
10389183
153876351
133921120
100698011
0215315
20122784
30332989
1470660
13992888
19277627
44022565
9333597
1504463
169412742
0106161
9046927
42731208
8650442
96123577
115758438
0135455
0006769
0169980
0191486
27664594
19692465
36532687
109003877
2852458
134317691
151000729
32386146
23514677
52074957
0689691
3168214
30915026
1311642
69507526
1195884
3429712
17679018
41315630
0053606
117440686
1055947
37558008
28525841
1827515
42583089
46581181
0065127
36278045
1214854
24180698
1480978
115504687
129046613
23128605
18461823
101010128
25670556
1630406
3328957
0807697
1864304
106701661
12756395
0249344
61205398
63950427
5630749
162458231
40547767
46781604
104479368
64372784
124597911
2472423
35230659
57954520
13243031
80290013
19786743
23908064
42040033
1977084
33860472
3704391
24455963
99873514
20929448
51436452
8772061
10135668
4598425
4663302
110972932
49851735
98390428
53205662
47165229
22669205
4420051
27574739
0986794
2385002
34534912
0862601
24618920
4951892
24054859
126567360
6522460
1195521
79960273
24573441
45808418
56239925
35064588
111320875
0863448
31025169
66132744
122459646
26589619
13664603
2329754
13791888
0323948
26603773
36875031
26476613
117057349
36060788
44328499
104792470
5273567
0031345
45020579
25384319
113638405
8930456
8781431
24176632
6023958
10765537
1256717
76088712
133236409
13358758
17473217
0296601
14136448
23434334
8330528
3509173
1720116
0978944
28709828
5568083
5851732
84439928
0220554
2712566
18913090
124401489
1479101
6297262
139689817
22013145
135883954
2441486
1382184
24007576
3337749
83442837
146229593
1726052
3696414
10909393
2108027
74082470
1066012
21738239
63983335
97279929
50999006
21826003
0310610
0609738
50704925
77630319
0293286
4645244
31454150
114122307
19692825
24022384
105656316
120826769
147537071
2788951
13669673
24817581
70693391
129391837
7926236
153322103
29846515
161814552
2072978
112003921
3670492
23513012
40922393
22210094
2093205
99965993
2913139
125007933
25157572
20231416
155387047
14810381
71437448
8136501
0309714
33425481
6897524
125187645
25930542
40172190
1920182
114571897
15562504
50493071
89134733
53687990
43545618
71174029
129208002
1732579
10451283
51453172
0010946
3186898
169619953
23623188
132136228
43611415
59593357
163775456
45113834
19763150
81019700
2139481
68948037
117072582
24865064
24665725
16973115
68265513
72270435
42834731
29945421
33977515
44704824
4471916
70051559
9182516
7745189
25348174
20676774
64749844
36331174
173047665
95330087
32694612
41801531
2698262
1850877
58260956
13177383
144268897
17644955
21207771
58263170
6653338
25496815
42597765
58102690
23741792
2243670
63629878
8625143
95839592
0858358
31085685
20287540
22313104
20003722
75357351
8917582
126168667
4667823
96305710
35082184
5114067
76706940
148555313
44610196
0945649
4761931
19555832
1043012
22364728
118406326
12171176
94774256
2391369
49466503
1299351
20544041
19762275
37461684
0580671
43167800
0345321
0613270
12681933
0543155
123332774
14618326
5947100
13413816
7500975
2159914
93631748
56499387
23259196
116634983
19953502
36745914
3532797
64834644
21364503
60640892
0405774
1414543
17268068
17718236
60729812
22945248
68178441
113539551
24308976
115969147
114635129
4946310
4609142
1434578
33704671
1420165
24232720
118562022
164880097
16369016
176322428
25327653
50001036
17509348
129601848
12792671
12220120
1121889
28122143
9250396
18500683
2088098
148558010
23183032
0542042
17630625
23503180
1478498
0710361
38093827
67309910
57031272
55480308
10009496
0087349
63021331
1949999
187648492
5898341
26483491
63483604
102548204
3712036
38262187
35300035
6221361
1150186
6700985
178853807
41697100
0318749
34648703
17865798
21865522
37164157
150697257
53080951
2856210
11262982
33087378
20790846
22194785
5240113
73623367
162893302
3583592
0435282
2115811
148556571
43893874
39958879
1910556
33949411
1707417
21131636
47264037
3571442
64346717
18374284
95940787
4645287
2885914
0953961
58759196
10781684
3996880
8767426
0851591
45609999
65150904
0191013
160920181
43576989
28505418
9093614
5426949
0157948
4069536
55242543
6093257
20099048
24766904
19734342
1677920
6936144
2103599
4114911
55939332
0978991
30905234
19470201
117385916
17509384
22609080
57233480
43399505
1478364
0195050
0284435
0244038
87338042
25271815
64659595
128316874
0539000
70903430
3094487
23596935
0597571
24390444
68487884
2879105
1413551
60013151
0323586
5623379
132000646
24331188
13101122
159280087
0763923
66427619
6404286
27283911
15327507
102985653
1907398
2031702
16485429
9594321
125831176
60396055
14318450
115991927
2386398
2222623
161213904
43017632
3013937
44270941
13272248
68610289
57409059
17606291
54201058
131326590
35376689
117394455
165789397
45200431
148560191
1189408
25657736
126218167
68567916
33154439
39909486
3906513
114097835
20674313
0738563
183890459
0436799
52780972
106148425
16515541
1951777
91337351
0430020
158152483
85713337
35134434
3373283
13756959
0465941
36494317
1010564
3310369
3243484
0843086
19034285
5253470
15383300
23979528
1757547
1791470
0202757
3428305
172409912
3577590
0218695
11981987
91465079
61829858
135059797
67849352
13673111
44382058
148656485
47527374
53658875
0556300
0231160
39916668
67588858
15496139
0124622
35141614
2919554
65214566
98500411
1126770
35428445
26103775
73867349
1870982
13808106
30832886
21926337
124444881
17916911
60545327
10298283
69639064
19988786
154946328
3611785
173340996
0821809
66102970
0165939
26448541
7224458
148570335
116509733
62280184
66660606
153966543
62206325
151233557
17552105
84074197
62230425
0788896
43082233
35333177
122765188
33752635
8268421
4314460
7443909
15757797
15474484
123883883
4167132
68682499
24915255
5222332
9863592
50519101
7144353
130381478
0984270
112574205
2818764
62340420
63059232
84602425
24408389
121068787
4131910
8413696
56230963
57396250
0859027
64149466
8114603
108253413
9550808
39043639
0378234
167753024
8667414
17067687
5118533
106277255
1070968
0177166
39822417
90399424
148564930
88179967
5452752
49641182
4127036
1954559
15192677
4186747
119855406
36684624
12102893
1236562
121923036
2052154
15912114
127284534
30948073
1248972
1728752
133600301
0331792
69806561
65397193
65312761
69181241
1400879
2767175
55722515
0329485
86723219
18649468
34797901
