7792393
91699296
13717558
13960820
22955841
40771911
135088627
57924480
2331310
36878565
44727548
0314647
77665439
39444203
90697107
54366996
2667631
88791437
2388072
46817156
0719526
19905013
1910119
189830524
5842642
22953847
69061326
77649461
89417545
77222962
13816095
124638379
1619912
3213172
3805804
0826505
63463304
50832944
0239561
25618858
8147187
136516305
56801812
23502710
1131154
1175436
1035851
0514360
2080638
1899490
26990264
1919631
10716915
127605975
104743929
90358172
97863493
39560442
77069200
1574062
113777125
10877379
25240398
7963582
7823961
1237473
105553029
43977624
113926832
72007357
107019379
72117087
1534810
47726632
76166935
15208443
10505727
0749783
13795454
30704933
73179862
0091183
3431881
0125552
125342161
10746739
5668709
0256526
32939276
5233607
97177107
24636639
0187739
2647782
0706423
26262514
45140710
125211505
2983512
5178421
10325571
1004378
4716150
63608349
0382499
0222076
2730653
10053043
136327474
24287177
3142101
86384947
37313300
38460154
27351246
2379774
8270879
13248336
75833573
13628985
15422477
16868185
0351112
183409624
23205991
4995508
0167277
114711708
2911826
59314138
0428533
79992943
0369623
11290417
5448158
18296040
83008408
0566053
33434112
0170606
43025955
43555863
23109239
15975301
7624065
109718748
0929386
6100819
22624155
104215896
33605323
1661044
31240614
37547173
12314475
55153136
0428576
76686395
23132013
17970591
21911152
109090082
63069428
11449700
26053483
51330384
23024719
36668577
1034965
85005003
19791382
21971703
4452081
2079212
8202684
69656478
24426160
33518844
54995343
37916754
10530692
16264980
47244917
43367485
54076804
2612627
0466478
3697932
11151510
1590118
4799875
3424311
55575466
11050319
9394169
66340406
155352649
76148710
3252944
72130425
2001725
15304142
38383929
130268359
2541940
5882292
8560893
58272124
28433244
6770314
45390749
80515878
2895106
42485181
82607956
1539429
57627655
2438017
45536504
1763179
49894787
26496242
32439590
4769595
12026382
178366058
0548938
1593471
88725384
1839525
46080394
6321218
0403204
151837512
102653061
3848086
32915980
65076361
0643200
31768263
67432377
26853962
134901543
39614328
23565275
83467316
121377773
5156832
129254145
19559815
106850208
24476222
128578220
72527729
5173598
126021915
0396174
4656823
0529579
87462194
73908325
45327734
4226149
1429574
60232466
104162192
19399389
84446824
1189901
11759092
0422291
4415193
2379616
16536535
0461485
9136839
155928541
49512778
1556329
23594479
12455743
14674811
34306953
124199801
50421892
8525258
120728972
2624398
50111555
1264222
22610013
1039575
3664159
2196298
2561473
13121892
31462758
11074002
131375691
0381741
77126444
3127685
47157890
1269437
102118289
17789276
105565104
0090251
16407389
78054112
126467861
23833235
4407113
44252689
35589260
37153514
166069636
109853623
117980894
0212817
1621163
44985648
133369544
0442366
4357593
34568801
35389042
15021237
134446877
10775921
17440974
1365165
0867890
61255399
7627804
16321009
25031051
36905484
3806240
4108130
0124542
7813597
1532177
2078445
0867488
131769494
47320752
8605807
18460258
12259541
51290115
76537925
4223983
107303143
47833113
57859083
78256701
0601813
20369612
0197287
0327224
0574019
1362641
120194707
0043975
2114183
6991132
8180336
0198751
3024079
114031550
49569585
26347170
20612081
44036439
1787617
109561994
116484961
59332279
2668634
7185045
26250368
119869919
83017443
68493165
0215937
62308155
28771590
104889023
7769919
5586826
104446837
3315367
116118809
50953044
18673992
169025691
104983322
47909318
52410950
23560182
91715423
22964313
1933368
0047752
0892463
86310970
40618666
55539607
72021675
2802402
0575250
2536462
0089349
0961115
2115864
19108782
27679094
17025449
13460328
67978584
3023608
0535820
17856343
82295745
3962532
2335269
102718742
101859794
26073454
16617575
50940885
1662570
115622090
153263735
7465287
144096861
16900400
26212823
186021752
22424023
148555549
4082506
3837125
53352291
0140032
8686550
87313506
25284488
3810449
147673170
0444622
19782737
14375724
3773464
5079459
2465088
59433091
0826259
15729004
22052730
66064974
1919558
83174340
11759046
40204638
43241629
16021261
37949268
26316341
19455326
1471579
4560851
100815530
23342495
47679546
117728735
84647916
57835230
157613716
70835789
1327318
2836302
74272932
68066788
2194409
3584234
8787203
2265885
67417603
2436427
1809065
23274827
63471501
24477043
35910004
4050371
1479782
29901657
5177178
173240141
2317131
6922133
0659273
4828621
155701410
37514398
164884871
0874706
1477119
62282698
0764867
2414786
1108862
0000066
1356946
19682773
10591286
24218750
21349306
2540365
146500634
42962086
187685449
2645859
100276328
126407790
18519554
93650097
5331971
0282772
1776889
21101699
36785911
6510930
2259778
26359929
45399976
98032837
44174234
20602911
3207164
1781643
0166773
0677794
43944990
0231982
21342553
1150335
15873693
23310231
22365484
100264619
7985459
124310653
2963366
0517745
82016199
47464379
25290328
154744175
22537007
3217118
0325386
21674370
46378370
36768010
0035641
1586854
3048576
13047927
44495303
18491641
0440385
15050358
1769220
15041599
26302293
0745850
36444835
0243625
108156080
17302606
21897530
84695192
5911772
67928811
156285912
2960163
39266813
65494799
1744070
0551774
1335074
20937443
39517976
55586731
2130012
2079576
1913371
17408727
121114169
137776627
1629145
0101084
159096672
27131548
21552213
47531561
1716176
9840769
21218938
148287074
0329384
0457116
1073040
0840377
1552747
33909317
7377947
59949753
1889676
151356839
3790173
14239589
22847060
0117560
66089654
60793002
52024177
71305899
62486714
30821236
54363806
30756544
1518641
0372335
5733166
161312779
1657576
2712353
4309890
146932721
6927864
62272676
5849435
0146763
0494737
124685132
14316615
104332893
2566048
38687981
19579150
1030568
3696900
47563855
1722407
174418611
6944724
118287625
6250854
27840894
0120625
88879748
22408268
1964883
0228010
5398145
1748066
66908127
61568240
8645861
3285083
6708894
1687089
103699245
4162412
1434346
1817205
89863197
0339846
168056288
0199855
19920849
16695145
18900769
64356171
107490447
151672740
31269094
4466644
13395183
80428902
2216161
1641712
6490873
39520148
1250132
0666574
19586354
59466997
0396066
45778955
4786636
6947402
24184928
41998546
24862631
12639085
13310500
55066030
54027149
86205435
33703595
21607174
0632972
63078281
25910322
57462944
20530537
81675889
0783460
0120690
44179027
24587958
3301483
170886802
5908774
2724721
0507984
1296280
7455662
5874862
67003952
66069983
29384407
32708869
120477425
3477188
2202499
134371511
89979882
11654523
9168108
6411322
1888706
68740873
43665077
0376772
79585912
98196257
178191051
123059891
173947622
58466195
57944129
67394801
129442105
9619380
41712199
1682830
183969856
8898416
106228775
1705193
37362525
12323244
24513631
19981443
149143626
88373850
0276783
38484737
89299723
38244267
0234740
92563375
25368129
23642601
68005229
3308327
17011185
15698860
120383060
26341798
64871538
3687921
127216492
32642516
78418514
128550443
157851812
5775173
62660287
23009884
5076323
19236101
0968673
17792883
15311866
26011268
11771094
33483703
42663285
29738519
91191180
5634222
126457071
4417445
32680209
0219190
1054607
70202300
0346776
18376802
2666030
0269062
17479541
2890802
2826852
5047085
1661114
139044965
111686609
12444574
66041345
123983663
23661014
15869981
20681918
0948302
33351361
4730881
4025773
2771025
3205392
19452894
178479439
1549263
22778936
7405656
151745120
4247247
20392015
6411981
70400934
60304885
122650444
58623648
22610034
110687073
16476118
2848189
23408546
57686951
20067505
3809417
79634971
21148326
96418864
114799094
1043191
8945478
4210281
5383426
1633357
53689444
165620726
123463150
68332210
24056093
0620692
78810794
10817186
0588452
26770310
0536131
4525421
20499017
50741201
42963478
0969971
12166750
37692626
132945050
129560507
0369748
0141546
8124053
55428972
27070352
23151869
131978337
27312269
8818953
110594156
128724038
12217327
6863197
2756077
147387171
1203594
99743076
0854359
3227029
19273996
3660007
10299034
8456239
62442180
0830787
56071541
20006803
0546434
159995833
108799802
46535797
21384504
24753201
91507645
0548332
1704636
129620527
119139861
0462207
3707708
65608468
124391285
122113921
36509262
1485895
10891055
113475376
9932026
4128586
2215086
6493876
0661969
0434340
53617728
1521153
18932605
81561331
8439575
35165542
19747347
80052304
26289428
34107217
23163192
140287450
3758618
44663789
86862474
128667269
49695663
1314128
82011586
14120695
90635215
28426772
26535842
0216382
129428372
33993606
50889252
146334769
42674528
1841767
13892512
12397882
24332231
1193235
20264805
9109443
109114558
131195535
2182710
2100125
1675642
51074827
40081220
2507977
13698020
1576279
64365271
0260764
148662952
21672161
73470975
157906985
8146029
117830100
0767139
19549774
19105147
17913472
98214005
53287750
