8653168
18619958
0860845
157451090
20936099
51007950
24398978
65683941
26754909
21831381
33392476
1783738
20235653
112807665
24665111
123134484
22879385
127549338
51107252
6452811
12089107
132714908
60516395
19246207
2289512
17575848
25418325
89475021
33477720
0623857
0216351
17903777
6340449
69575529
58068084
0519622
0277234
79517624
0413313
0307940
43622803
32254745
69511025
12864092
7218351
0349450
30330022
0986307
1658571
7872757
5577786
189546443
6131533
7095811
0401212
4544098
36905802
34490206
72029405
18579081
53099113
20487891
4368001
26562084
9592363
4432557
5700725
79217817
17677651
68176810
4990120
5252199
80547628
60746557
0636992
38045719
27324032
22667232
21283466
43324641
0635876
81199553
1070667
131442452
186803095
16558854
20959736
26190369
51737940
19635306
19988963
46988930
48835630
29911330
135771508
104657493
31977967
1658132
4194274
11275157
2738670
147902275
66442439
13959892
68122805
0187095
21321995
58440170
52560689
16826927
20442781
63241342
18590209
2289175
26823027
9162483
0859186
2716653
7905240
186823816
33110432
3982547
30111697
55134787
56677665
0438881
3675458
2855182
40455787
127990979
89815204
52566814
85351024
32816061
8205063
129422842
4100173
13253050
32615734
67716625
17391794
148565621
0166807
61355439
2106076
2012780
26233053
0637893
47825216
22471431
131585605
55210625
117957617
1169751
2778399
19219348
31209420
0812075
44419110
20658922
92075626
0354876
5448277
1803757
91113463
27459058
5813565
0649540
0688704
27889442
1492915
125757454
5333912
24414255
17828736
102094114
67493809
67663209
1877344
19562527
99964320
23334529
52774157
53368789
2533802
0272375
0906585
4331258
153978849
24139670
54561061
4064880
0783985
0516926
0230185
34319042
1242070
45952357
20464094
1003946
0948386
35293676
24720727
4983085
74139481
27144257
44554286
25360613
2484999
15434706
0111563
27627905
102933516
65292793
38779744
0727994
18899320
6090363
7529200
4412149
25203950
3584451
52668726
1511419
23616134
34281395
0560649
155998627
2378711
12457609
47816750
1063368
0405303
0617774
23952382
19149678
14224491
27189648
12192290
76431683
65730554
2443152
14135819
172644726
52087040
7024733
58549266
123435636
24944982
4140645
30200910
41020479
31318170
1370665
3043257
8063736
25237472
4277036
45033828
64746707
2001084
23183105
5209432
6301902
29954523
105344836
65908140
1219068
40760574
115590068
5646527
4899631
0306990
128700405
6930904
21299419
109843965
44696888
58289925
89292005
118639985
11183784
0814058
44267748
24428991
179217862
4846778
129676469
80677424
0213715
188218566
10944602
48386468
0010028
1596847
7857357
41184683
23431597
19617561
47993251
17527291
48280047
1687108
1754523
17464770
50065746
9671231
3335002
1771618
0339877
16414562
2816473
16318368
25476365
19612667
3477369
11925063
0311101
1593166
67039213
2372297
21288693
20499453
24854377
96584001
0809038
1949405
122871672
52993466
52060188
7039674
126881125
0585074
122815905
3548961
8605221
2564516
3090213
68457828
2828372
24385666
0402036
9770563
131177341
4423387
14945279
17757785
65255815
25272728
163709554
5575597
10222729
37203064
38734491
3496991
32729696
2494156
0388331
0120330
3870566
158906582
84330289
18500621
60385111
39067885
29112836
2158529
111489835
79399219
126540431
76158333
19690148
10050858
25721590
23561863
72336456
42905978
3742212
0152356
64141903
4549277
128634296
24874464
26302388
40215607
31984375
9987422
8567398
9857688
0572680
160718805
27091598
171468049
5973954
22267151
0180332
92718627
17521862
135445800
0665610
25096100
2161164
37172419
61757596
0098233
9748115
4576397
147670736
62623251
60911310
0450172
31391186
11443563
20641744
148577247
51014719
2474714
7970714
57712345
107444591
1398765
126057349
1319404
171030592
14040787
1671967
27975926
10899673
102201985
5124000
13847045
47196703
0327164
104688458
5470823
1447776
38695771
0489061
0944349
80272616
4828882
1424709
21071715
0339381
0028804
135661706
64582295
35674402
24702158
24801134
7009203
22907160
107849532
22122641
36894025
8072936
4774628
3446130
64023846
4939636
1845621
2091290
26923372
138789353
0168079
8925507
2721657
148553910
130324172
90717851
47123736
153433235
100464064
0947285
0112006
12355115
4186347
52214123
2685045
8412747
12811031
1067484
127614756
64282492
0936648
65995930
9890012
0135651
29802626
16982249
3244156
0129900
0074549
32785137
41628291
19305416
9417042
1068000
110771198
26665821
27459066
3494961
3847167
1191339
0393028
1546261
75567666
0553281
116476600
102393358
0478413
70270474
9963135
52089419
4981624
4365851
0260274
2324311
147670919
139182970
24626634
0830230
19572693
91998110
17397982
68124371
1220564
23643407
21680629
146637357
56582600
128791597
4320257
2749454
21086988
114600792
27727964
62434612
0148410
16324060
65914747
177867041
24274711
106327059
2642492
0025369
58414907
10064640
9421412
20395986
77838232
66601046
48848883
53789262
2249454
136133338
20354711
2054928
1738231
67706609
20661480
5293782
36152448
1379912
24323309
1319260
21936031
115235124
3641122
14842523
49997082
1055413
9987082
83680795
164685716
51375964
14923871
16313697
167498107
36875184
87360079
33400785
55006660
3021866
1421185
0568121
122533494
120558354
18840361
38654519
7629249
62951383
64367612
136305143
0618806
29243085
72064749
27697116
0505782
22988347
59630257
0429051
0568745
54050168
164880050
4588006
4850157
0452246
0185884
22015342
1718290
0279209
18833160
1182765
0449256
22739815
0978275
5826512
29682651
89047072
37637778
0025147
3190596
29671092
111383217
16677746
14926366
0469415
30122371
162545210
7230486
148567888
122656169
4633882
131986878
39627788
1152252
89251508
31970841
79448737
69094680
90507656
25790134
56487350
98301499
17703520
85275771
18076023
29359049
116272832
29997629
7961161
12557701
7935641
33094274
4172628
63844462
35737677
0064493
48920085
25274394
2347847
28551965
1551488
7004784
18422756
58808411
2745057
99323347
137886957
1377682
97926717
34181395
134140459
2415517
0439086
16968889
6889502
131649768
87582734
1353590
108427347
134136623
0086590
126060768
133623446
86384850
25228468
58624592
8902230
53618422
3469101
16833436
0549846
2681773
0290190
2545275
1229684
2449062
0237249
34775485
3754277
51254523
78231088
50733803
8154402
10800079
9941662
98174338
1856384
0156877
2766488
2703045
3006614
105067504
45382129
88605541
128713759
20781011
51311357
2957509
122859729
149417648
0730361
0443458
22157001
34587451
1474052
71445988
17860084
5041836
2710026
18469524
12193667
31509845
44032248
14984420
110188278
23629513
53283924
0229273
16539217
14542078
0994388
0214961
85479990
4254034
157512639
131287247
49261721
9117856
38029547
80042040
11172637
45587294
8224978
1802163
110831225
2040231
4307249
0486184
117727940
8319191
28173588
11098292
47204747
28729508
4337887
4666577
147942948
13064710
34571613
24157610
0117068
2050054
23941913
6869004
2603847
105143768
2531405
24162940
148306736
23513668
10005155
13400254
95872637
4061815
0340779
94303264
6975386
12771356
1722632
90553402
99475636
68206074
36899571
1331206
62355557
0657131
1994438
65873093
68532916
5050247
108513828
71609227
37293699
13049573
19793464
50755155
3516183
24556930
2814906
2011559
56333170
15654163
84629627
10843181
8718686
54962546
4991251
4614530
3584608
1140040
2748240
11881064
1993450
5186852
30178201
34321835
119169565
88279344
58511100
17481579
2687026
3689409
44653081
0125102
9975746
26890617
3184227
62932643
62417667
1371833
2863499
0169975
25161131
0471222
5199703
55377855
158433532
30857110
37527935
130147966
7455174
30593913
23164249
3438615
0694774
1444929
44470512
22594733
125125832
0454293
0984582
63588070
148565914
1214054
1240231
142779953
4398005
2929242
27995555
10120501
15559096
48747143
26565517
18727231
67115114
32536764
8507636
92249845
13197552
3847671
0934428
2877404
0819185
0752814
28646033
17719555
19649321
149583345
0334326
24596941
76788792
18000328
3766702
106672424
2214855
10257689
1332330
6358133
84460448
26080329
1042956
120431205
113404822
53217194
118337684
112923362
0196121
116482442
104732448
8536486
2417844
67695591
4856726
0040714
1258904
28322829
70096336
24092435
4513469
67407764
12526790
26184722
48395303
24454910
18172027
0404650
52616727
0946532
135556093
69171868
167340514
26485459
56397291
18241144
12628489
82657799
60159444
117329469
23482239
38290480
4152915
70364290
0575529
29536880
18744612
92683835
12802861
2408786
26678883
7348810
133204930
68720971
11237669
1958610
44225016
11193005
20095055
68505918
1397337
22003481
17653577
49620491
16010676
3054892
53126625
67726858
4897603
1306362
38065638
19459692
22501533
27377411
1087674
43779150
2072363
0084126
1294190
98698214
36718608
44441076
23121948
1093437
55530488
4080400
0706187
1236326
2739368
54081688
1548970
13795886
8694131
15330609
13268283
77985691
5247978
1008005
44928586
