70360134
112064012
109877247
165471730
22568395
69456305
55416081
33883005
1514675
109436156
130019598
1684266
2847716
35331359
55996802
44834846
60629161
15652788
15246177
15074253
23554143
19496167
1401507
97919425
6774002
85194413
77131575
40466907
18488294
26619464
2167269
22862821
1915039
2007425
71068588
29484466
53342892
36290581
9126893
2955935
51275692
61935062
6557804
0556517
98727025
3244413
189052837
17446198
135290639
1277971
160838120
39432978
6181167
108962310
4127837
17071763
62728057
83243627
2462152
22145141
13465778
1890227
2861364
18443832
35703948
143217478
4560130
0151473
0559798
1770506
0429665
10970572
25760196
116008055
1283532
139479020
22534910
185144196
0009034
1770799
125477415
24696363
15621018
106754961
135460979
22667516
59046903
148561902
19246451
19785986
18810987
135609497
11193425
24937819
70225351
0406829
70803230
1346104
13031759
1306759
100462407
0042484
86803615
48148929
19478017
151343722
5968071
8570764
3655230
0173237
40807148
25367682
0047915
20334827
15704995
96242352
156629486
0089764
22463650
3993996
82336280
24858074
41994371
14889910
72179767
94733966
1860920
62855292
4409034
25303803
8857775
18006265
23795538
6697505
41961385
16445103
113875854
33406107
71429009
1222334
16963946
19676762
3220266
7548383
112736863
16623494
93342134
22751513
85395005
22086658
129739541
22023632
105937727
77494189
85019459
42400639
0585539
51709540
42329070
26276129
4927157
50840239
35119889
120749806
1081643
10047199
14178352
2180414
24311563
67845633
28331298
23872200
1272857
25033835
34128592
148561874
19669967
23551439
5933802
29788082
33389361
88354443
2288329
131630448
109129392
15222665
35150956
75208430
87649540
46853695
2978486
178466944
23191747
97805875
15161759
3830691
50246198
129082575
8572113
18385621
118687715
148556761
18824429
95940338
32835079
2909189
133003894
5770893
135714836
3872406
19574454
108718562
58991894
2697284
0282431
30743343
114616600
10039065
29807466
22220746
26466784
0873568
2340894
17400135
5598001
41544527
118540230
23918688
99616320
187660403
16016102
27229569
161296935
1645078
148559614
68623395
20361520
24099627
16605777
47190847
65956566
156575084
33106327
1171594
107724462
22864666
88402343
5682446
16353819
95010826
112395733
12089180
1311161
11905278
0471501
0647004
10504521
1095382
8742789
0188305
20602620
139011655
54406110
155698674
150324930
39526881
24060060
54771622
0162389
0056892
28206757
57884871
0548734
1256449
117535238
0641852
60951353
24140538
43857431
148524671
105548775
23179934
29213582
0299043
30775002
0158734
0269267
107057055
27127051
97259480
63986159
135964483
13058784
1293783
56785485
10228188
0103834
68054520
1421161
104962846
48585649
35067890
155593810
24339656
111244674
19530972
185701207
1205514
3460843
4933808
56019995
33353440
8885211
1399790
122376207
22030474
0966547
1022563
105470111
1801954
60899816
33011470
34541056
5572235
147948015
124082569
125763603
20581462
1286416
106041817
4282525
95082796
0018590
0262764
24076716
0388652
30401835
1967048
44917211
42278688
67333968
2089313
44605981
93672687
4582839
0087594
154233935
102252104
17143011
13944421
69018083
0674007
68672526
1067456
3905080
30444159
2721948
116701877
1104183
14546075
8011502
26015549
9905438
42669275
1091506
1480989
15205580
23247261
3275394
175088039
19575131
4031628
28303483
5383854
82932819
16137038
105739411
1486405
62994972
0003394
20065886
17393377
18442073
22531692
9497632
2526572
0310409
69660291
118483416
34153767
48445498
127374705
140323006
1315943
2698256
22869412
45037151
15730551
22918027
9611387
4940059
0234039
57028386
22723071
27619174
0108342
53362586
14423963
115780236
134048818
1395887
34378111
24734906
14098140
100342512
2579541
3875565
42824788
0350015
3933277
12427707
44452642
4668799
22876146
0125929
4796653
118818818
1659137
11569358
65843846
24588258
81841255
70528475
1553968
33348657
140787796
24665562
26661353
70271980
11111644
137612494
0902933
55443341
55329487
75872686
1516604
126920788
13412232
11920660
1529639
21965333
18183569
21652201
108785368
10994229
2766195
5432147
35255554
1538723
148674179
0532997
30878636
18234639
0522981
19205733
2613642
74104300
93549375
0138760
97694697
119932081
25969225
0678403
23415028
4900039
62837581
3204557
1824305
3290474
62045443
1959950
20174245
94373444
73499356
3109925
4130201
0368360
16760123
2230693
1917003
2978642
125938488
25494795
71501643
1587684
43149809
17850667
73946048
20815404
82541984
0416456
1478011
42242290
5914068
19683005
16611272
13517393
75091245
92670114
105536864
0220011
2872618
3502845
23964462
5368523
23802555
120969260
71256858
1172778
0317592
4470175
20555124
34692250
0459482
33126544
81649311
82096665
4000885
0251563
4245737
148556566
5221820
6991162
0519593
2083051
0325373
26882760
53533115
31372848
39423331
58525162
2457681
127520146
82417298
49072884
0627068
97424580
28120789
2715780
20367069
0602515
18686102
129466415
27111417
97132631
93441064
7107254
25741025
0784855
4243488
162270427
6199900
11950246
159055995
6314034
1832367
0785900
20439405
98814289
1196624
48435667
168831508
112461694
89768582
131653666
21911227
0394322
6139063
52534408
2520073
152863075
4810139
10843884
40963291
17780640
91389011
1881729
27776093
23815746
132448263
23901412
21215718
62987895
33361182
114102570
175645314
55857714
39888726
7222015
33781100
117500335
1860859
34495511
174224180
15822235
23290798
1319936
9779089
55305271
23909974
109694043
110537393
30329607
56814684
26016891
52446284
7722997
53521638
56011104
134051617
57721390
25036033
23917981
0307675
10092351
45333054
2220562
101289267
130840567
126464317
52851747
37894672
176253991
1136758
139359453
13329897
3540353
3960950
48458320
4917016
10316986
24153127
30137030
65776770
1272178
65071432
2809796
50292844
65432460
3791139
0166205
0797158
57170957
99965244
19679894
33918953
1904379
2068770
0661501
2073577
1477320
1135228
1761265
7992934
77695609
0087328
36931689
6704443
42193216
22634049
117165999
0810645
12597736
1758388
0029195
1241856
10254030
45318329
18441409
27060440
21268468
8766134
4326082
98688715
3774967
10389940
3962446
41094987
33498145
14285206
0131847
46696118
52075712
149989382
9725326
32658340
122607281
16565927
11053153
0122358
10875309
39679427
35896761
13888972
37586164
126540771
66629909
123820761
0738335
0147338
2362498
26356208
0695812
129113942
6755820
22921009
110879431
19760986
3665850
25273217
73884995
31707457
69698664
49616664
29304165
89152320
37567999
76883565
118678069
70150419
63293265
22339682
127862477
1601878
15810670
0881038
21215121
22744692
1253886
2043968
8972636
12860574
67936171
54809260
88834390
20904438
24283476
0433286
123699625
0246722
52970213
2166845
3438216
85532717
23641266
27091143
98792091
1019438
54025199
4139359
22460111
32463140
128481283
2487952
3766540
0992350
21819041
58023724
186762341
34096029
2466685
0620206
14289517
4510340
2045579
101429673
87645821
2759362
4494305
2439965
15756138
113601215
122980681
21902977
162706747
31144852
77622705
3509591
0814156
4081087
22476212
123493747
126151813
0758130
3751335
82679129
2544885
0217478
1884659
69365874
0627424
57416522
35997283
10623083
15275669
4445902
45093819
1518287
24385031
16172473
98829109
22863034
85573522
0212344
109202856
148768799
5151065
93972379
90971924
38763803
19751815
126591761
4588216
35962325
7372280
18557499
34454071
0133705
1955408
3280926
131605485
112234773
86695893
29098950
155112279
1671991
0957818
59555071
14189627
54741825
129447059
49827432
29331833
74484494
94117410
1402157
44841124
20906594
82505424
173313976
60460416
2656580
22287184
67037234
5193979
39817463
55243083
3164827
154745300
131826249
7617451
12137326
0312071
83639167
3081625
130095428
19479439
21308596
1441231
41554290
13183140
13071655
17473005
4505539
14737507
0976093
1586268
55730751
19257587
67539040
28903793
22396039
25560146
4260083
5748460
1021972
10002238
27414814
5037796
0701207
0357747
64872227
57426517
99949315
22348005
54494952
43476308
1007476
126375481
39636710
57514447
9106495
2332331
0206993
23794103
110754876
2059247
69540249
25518854
4003790
26394875
60488491
0688596
1821821
59709743
26055193
8676007
37222740
95797326
24751856
2425239
1356389
2310552
1498063
17166696
24782808
66479160
20179570
25952910
4061484
23472842
0158647
108183350
95226269
31519060
52992142
110831300
68413936
91461699
14722518
10843869
35401964
5363693
15311310
65902417
147670495
14332054
51953808
0913454
48168742
5367079
19954426
49653791
61836577
11359529
13240456
63017883
125219845
26250199
88288105
16488816
135558383
132800641
27892017
8391778
115953426
63266914
3070364
3025402
50000575
1195628
55557038
88855366
27637056
12200607
166153153
24342247
165871726
1834300
0971635
67709627
16998042
49172419
10556094
57603623
68441444
7980023
111283204
29761652
1478664
117615307
2226708
22095953
0300009
13249194
0428052
93738371
0171234
23772122
46626307
