26471906
1557126
81603206
0635024
19120246
7387965
22529299
175643535
83477990
9178544
25711249
1864989
5032407
2292935
133504425
151469814
49916355
1773017
0023796
35362700
50784574
1332122
5531311
12477908
13040649
0256802
6492107
1863106
45169400
3813142
34595866
8168773
102688224
67982958
84410555
128698358
43592430
130374152
95843181
62646272
4174632
36937337
9407058
8790290
125400201
23549003
35925390
28964408
3974873
0144953
70933993
28981057
0146599
55654886
37793921
1554098
123980288
44745407
154145940
1911225
0310990
79976563
121017261
3656953
26254137
71145067
11359120
1306250
5350092
30526343
7564295
3859591
11591876
18962151
16594740
24327787
8205037
13412180
136039595
24645551
24476070
22736386
0908683
0428120
23149643
6565171
31249861
1866965
140227600
8552008
86911305
7521869
1928732
26285744
70571359
1161114
0466224
61105354
19906055
94977097
155149555
1758184
117459419
10527672
47833818
5196156
24169138
49222453
18149207
65089494
4809507
35653168
21409034
1121291
69395859
5126202
36815095
21876475
4862758
120205176
0207682
13044000
108117108
19349810
134088010
1594694
2071970
24438541
0163443
45164370
60394943
53288665
14412301
0793948
2988857
28192631
0561433
13710170
52764499
129636274
147607951
132771441
0378431
36054423
106194110
129413828
24923443
18476422
11386994
124330641
49488696
28184070
0792603
46609201
57261018
25316342
6682219
72533177
108585036
80500138
3397233
1371780
27925811
1831750
108883117
8809703
37341191
158936296
10068216
14056265
15559166
118901365
180321954
26228735
12371785
73218434
6945795
6310197
30877523
15058119
129851803
112367473
22868096
14624549
3995134
1880744
20960695
1950250
5642498
1700082
75132459
4797226
20928523
153177503
36441571
147348419
0475121
151457437
105352227
45036484
11642682
1403129
16213971
110071800
10914121
45453943
50205189
69033371
0459373
13904889
112693408
152824611
74390889
160611185
86431261
4706408
62150770
37064232
82857234
126552084
131714124
9130650
90681816
115310842
68872080
127634812
35417856
7103647
81565086
83486985
2297443
21959799
20574088
35537696
22033950
0596963
19210637
0113882
13713970
8524437
2590692
2819757
48275160
131714289
140310663
54129595
1816236
11461575
74651915
17921286
61066560
4871113
20091576
32061308
25562385
26862350
1112193
130348638
1132084
33462827
18682000
123802294
148668479
22530568
23690808
19396570
0101423
0609312
4067531
5239303
39349358
57810344
7506292
0502247
51239432
59304883
6049153
23172029
61982894
114026501
159780141
2449585
120316833
26806495
53126865
1132498
88297882
1057655
0050344
134381384
65754619
29979228
57324096
100729159
27077890
34027110
47996740
138408270
69940909
169606944
21384124
47182092
147522538
121840313
24686792
175717087
187761181
1483394
87749915
3087797
44373902
2099113
9334915
36163505
1845755
148937453
23607148
86604986
24413481
159851022
3392227
4162461
6840653
113293658
123751297
26678032
2497114
6732003
4108412
131944252
1524107
135612897
29045503
55205486
1732757
1951049
76911330
0513607
41485753
2070188
16511231
1497110
94278515
2920083
135706138
2554110
103165630
45483026
110116845
151119681
1164277
35022867
2225338
22982432
0899677
36492460
4419707
1444518
52086555
43225569
1821393
3359262
0833539
108751000
0541988
127512444
23524989
118021641
102670025
11226117
0946907
2201114
3880338
0278527
24390576
1085693
17923891
49437614
3568965
92706528
35441400
40926441
61995898
5831896
36387829
7946763
135021534
14321363
38220046
170414382
0504081
0449246
94081269
6857328
1170042
3672931
1033128
53427743
2595991
1960027
1614026
48635217
5038823
1619734
111279520
165274551
147465985
0635312
3570956
0207300
18698685
26245455
18038259
4596729
0252425
16237357
0649363
38146338
85495150
0080957
42469946
3434864
40248728
96497807
45860657
46773386
147876077
89361964
167375085
20218751
6100856
3866911
52067932
115501675
3761568
64060041
24365791
103131769
60158013
51370438
88449897
131442289
0950934
11107132
102373634
40243383
18492538
28816328
8221853
119116196
169212524
19615442
77567801
3477041
4656793
0019264
3540091
24648178
59227970
1216879
84591426
34807113
130890894
1892377
2130868
19711592
178871096
84268260
11690920
0430310
151487807
130308050
2957091
79640852
114488128
20351228
24673192
2470068
0940212
89613550
2874854
69141477
5279531
23268699
1433337
24915680
17044705
2696443
6605601
89752512
126350013
0524730
32427101
43644336
2395075
21960787
70014771
103215084
5268200
33000962
0402295
8710907
50327591
7680368
21887685
83482474
0937519
0969789
43943178
19820447
150567973
69861111
2464455
1582591
19089878
115010753
0384336
42714529
119181378
108443336
4444775
1833384
0464914
76017099
128559983
2880659
36013206
35369912
10835594
17003972
114844127
30228372
2699136
0158477
2512362
0917116
0407426
22343066
43844097
0618629
5664771
114792543
23956871
24249187
0278043
13516157
4289136
145118680
21608580
17989902
0292665
17018736
3107857
2192595
112931701
0106993
1417898
23127687
96247753
18954996
0115708
91535587
5409299
47649903
20336682
4551862
3546571
0909322
8812635
7861778
43775376
1864442
17301430
5656886
91799529
7801064
25669866
128210476
9975379
55846361
60572694
14930250
5101669
61191786
6539392
131233757
125955877
27818897
44716159
4247676
0242396
1727413
19952879
6259100
17781887
134345301
0025137
160630331
105237947
82180732
45394926
31952914
46304483
0676727
148563692
85162534
0083176
2679772
2312370
115018038
0371763
63160451
21969019
38432904
25135001
8010389
77711184
53732923
19570053
1015347
35126119
89979683
2160276
5986874
22381849
13531598
51195672
1990840
0737695
157907009
23745219
140046283
0120811
152908879
12763274
126950940
5365915
61302275
1299951
2415338
1832960
23364563
5557918
41662402
162014836
0760186
19581127
29053740
1310702
4140571
46168970
160846329
128745427
67841159
4897445
3554748
2154952
2991314
8243606
40999109
81875084
130720676
87154125
1947861
26148035
81781004
187425454
10749574
89636806
21053038
150529051
57128869
0039494
0225058
21182619
5663750
0178933
152018270
1374623
17736868
34893978
65413906
15667239
24815608
112383497
71504936
21094745
0158775
2012052
126515116
111771935
90489596
52327425
23219845
20399851
18507513
18982588
1402330
55090604
1284997
29435132
5488899
4995464
21872242
93233449
159018315
0364120
44504651
2609506
13674288
136056769
80021160
0933028
2371963
0415683
24319535
26454732
4936118
19293135
1486571
107751356
69903581
35359466
59775972
1170587
62639047
178897725
92377498
9754094
0520227
85290513
1785806
6816429
0502869
0414028
73245271
2024574
35196867
117104639
40663824
22405818
2357257
3512989
26746541
52843372
20490273
4838687
102664610
4778345
73914168
0910165
53060823
38336409
55328726
20427071
130289851
89721235
8639980
40478377
19221055
43689068
13865251
14861817
66014462
90437366
68665898
19895948
9750357
2062387
20994237
0154887
29835763
22023255
23303881
0770063
179836790
23036341
1042761
119463792
9252249
69549402
2693060
69557213
108463787
10334028
115782374
122647227
12172991
129756019
97419325
53691165
15922840
0095016
26920222
43355265
82442060
137609813
0120106
178579548
17322886
12472494
60185676
37570886
0852614
2373065
20442296
154845206
19176498
53887826
65011887
7890895
22136415
20621243
0265837
68938924
6332696
118663149
65512379
0413011
53777153
1067582
10673830
46208767
50010493
2243234
95025339
24490336
181491494
16196242
0595096
0343413
23864277
0106344
119832103
15945036
84832568
2487426
19483366
62999546
26956163
67966487
135488103
19893565
91780316
2784949
97497863
39649651
68457902
117346256
16054394
132396327
97724131
118630734
23129091
176394170
0437830
2700666
122145593
150635798
4064696
25982700
166173127
58810493
103376866
8167231
163071344
65118461
22111265
23954202
102677629
7702371
153173870
180912850
1248302
52057395
19453088
1698317
45725257
0585703
0375302
25010367
52534234
0164227
5853290
116783064
2843647
1305990
37059740
9293588
23940487
2405382
70394404
24600085
18354294
68115845
104166769
24173856
7339031
88250395
25746080
46861730
150029181
81435148
22726822
1986857
106200014
2183096
1614710
4138357
6732597
49377119
3780188
0097476
11380316
6242303
33625717
13459623
4747131
31593326
5603219
24602886
8036818
26636050
15747093
7457029
0432569
9628366
29814600
121831819
76687290
82273959
105710908
149485071
13772764
129941872
0220797
131027165
20542355
0678462
0463120
8571133
15626713
14647174
53500394
157255966
4843229
0526303
118290217
62562829
107880851
38414143
92928988
27797700
15813329
22880340
18941565
49513910
115244452
148855577
113399848
2753167
45140795
2860723
25617635
0926901
22421520
49048018
170918045
4006318
4503885
0147427
123978513
2960046
143425840
17895267
109696767
14710039
22569466
12241214
34701747
31573366
29694999
29871453
48276135
1282978
42247005
54838084
60670178
30574338
127248240
20215762
6394277
9405220
37340145
22050976
14643131
1474436
120086554
13860020
3982309
