131356948
1563450
173011885
42946018
22595805
23721588
103353939
18074787
1835981
83348706
0082967
105556039
175143636
2844306
5063798
24729082
47619005
1518572
100372259
81972392
1481776
126101886
62596926
3859624
3947688
91444020
17024149
51943064
23191482
103859032
22729439
1951054
28528869
1908430
22910970
1370070
38428110
12388348
64089220
20956136
42657378
19682581
55651110
0835080
97495823
113453781
115234126
46218809
25339635
86563647
59090646
124385427
15531297
0275248
11179220
24770905
2236155
4846922
3562033
116273708
23407194
15132149
0297528
28852235
136027681
41604439
0243507
102932689
87505518
10757176
16975896
31131767
50774166
3498167
0398165
0363779
18165367
25364506
30843346
155344393
24398121
34390621
2730202
71881689
20985568
30136144
147584328
10070653
111894658
185645861
52382844
20600092
8215756
11840447
5068664
0025529
1619856
6078883
30160405
135432555
47069037
34573052
1146771
28693090
7127916
1287261
4146196
112049154
1188890
169268384
57107588
13615933
23466580
76844766
60486705
0015552
0342080
0822700
30151001
37011629
54260728
21874924
24931563
0598146
23731580
65903971
129550782
15802732
79430551
151791106
2339663
113168255
50884883
47219498
16609771
71488437
1907460
1798315
18824833
53245716
104855964
13987381
118437313
108703131
23667472
40899156
28379821
48675674
112064368
95805688
1042717
25668067
2081542
25933080
24465186
123216423
30033501
28773560
22443023
50828782
4961876
111398655
19098153
5480970
1260761
186076339
22825634
44485606
110180463
3768260
0099077
0605793
22861007
11972341
22195411
4274112
59668831
1380510
0356531
22952317
2138329
15513239
87695509
66552718
20508283
66198965
1111197
81405328
7782049
0257763
127477972
22086807
1815599
1944590
53394370
3590935
151940089
122321258
3769621
13765155
51685054
33148381
2614773
34020277
160428714
55183906
93335120
30116639
155172858
23986749
25427692
1419571
60066753
28823425
1078287
102225753
0118827
84933366
0205293
56479245
64317434
134360362
9270759
9432573
99904454
57649921
2975887
62889942
1655441
147593948
3173469
15042256
26333516
134873900
0617155
2182167
3801005
20782012
44675540
3282620
5123653
171356241
0297059
4873592
0758833
32582081
0829023
23717702
109160981
22516236
0557034
75970012
50373813
126489890
14846703
13901665
70435576
28461631
6689479
23916617
17664300
0145261
4417813
8863822
105616823
0151800
144490712
9634176
5708687
11698422
26981503
31063353
49335383
30076987
11473446
120508233
30440871
48894859
6268052
26762782
61152293
87184819
59999588
37053979
0130539
1885548
21087720
23187087
170541394
34331083
110657248
103253046
75940898
3025184
24977147
23942793
15676483
24859686
3126419
31257247
24476153
24990742
3708295
65891030
68621382
24406385
0091219
64352889
11936123
4235820
48888319
8221960
66576939
18180026
12359997
2888488
52232875
101911303
7190817
1986128
151040202
2524434
15068002
8858219
48964532
2499017
126481524
1408989
11208725
0270704
45416311
88298272
41070744
57088279
1120898
4490254
1200811
37795968
55664158
50117034
0346444
18945159
1235297
48401254
58765039
71505481
78034790
9938570
0161908
2450014
105310437
1144824
4051159
118117762
0767600
4266692
150028499
4965905
1400833
170935686
28410279
0173095
106889481
2361618
1441181
21127873
49061561
73814487
114451212
0527436
5555644
9439443
47432099
63085079
0371191
58490401
112209483
0834265
66055080
96469561
169657932
186381275
3923104
97253014
20258406
14627755
0259513
108130344
10912118
133280576
1661526
2545499
111860845
32263186
16530266
0643090
26182210
77731270
17417771
107210107
126919739
8378994
2422373
55558705
20283760
10346002
17524548
25446503
166381534
4634074
27269278
54326192
90091298
9562569
0074242
1180748
136710635
18556489
2161356
125996170
54273060
27061686
44171560
1691674
1819988
26273878
9219848
65491461
5417652
20819682
21318765
36112524
116931975
108097229
107907981
53321073
22559169
2273808
31036544
19839513
1310696
44252871
76749638
0258791
60278811
5645253
52801438
0579653
113190015
62659171
0700873
125465716
1754259
0041958
83640126
36999428
6617323
47940692
0656462
7180502
4357525
130028601
0003716
28406843
19305512
0614400
20117949
87499299
0453416
35209208
57417138
23267531
10814948
77376214
2306512
0179443
53324379
114417674
8100713
16414436
1500657
8065661
0166317
33422723
0123707
107632190
2472911
52975931
14439807
152129918
27201877
4017833
35635716
14822166
95085121
53464512
4174026
1701165
0177851
16395781
0386900
22397228
1076288
20411987
49250326
0145359
18257080
47732822
12451179
75111761
40610726
67522978
19617087
128083884
0753973
4075254
10734763
129283077
118653319
3829904
12874267
126141914
42625691
80656995
3184021
37375116
106823007
24461360
104923290
38716846
56152756
0556667
45195828
35678285
4465541
119912449
35781923
84707483
121145920
73556422
60343557
84877530
14766545
3277189
4833551
25214744
4667850
24665271
27766730
51757949
3227456
15974333
28531085
182090906
35859487
86886587
2575111
59228618
9016595
58289578
90728233
143902115
15411114
117919493
31524923
117410805
70065758
33765031
2654145
0945407
19151711
9397326
2630277
1931347
1841711
25517909
42209913
68943671
80669650
17304550
48058358
2406165
11417540
1881075
42268776
2172009
6893580
56286887
26520801
17552161
16232898
123861510
29032712
92328958
16355438
44080885
1253626
1220712
9073653
4527779
67038819
26448819
51518677
24399017
4681281
2205509
71977824
2881265
66451464
70242053
0078898
78558716
0127457
108091008
22095104
3638395
2832822
0171803
24742575
182307917
26788222
51089685
84277631
12837856
2434864
22922671
135264328
0638877
17350405
2790715
0362761
0566224
5428080
23861166
2876087
61594006
0448626
78018682
0298484
99348774
183115557
24090191
44922857
10145225
1227676
20475118
116321187
87247514
8849561
26716130
50289065
19798834
0118054
68342151
39436037
16759776
7312362
28261127
126870856
6225310
99313199
44821409
4598453
1283247
127588122
66026780
23941777
6002023
11377559
12112927
80714899
0208354
0619327
42785006
35746132
10438938
0254730
20265971
6136051
6821268
13270249
4467690
18805458
22845554
18058645
19392148
6444856
9750596
56258187
21895386
122249836
86269310
4699862
15109400
0142043
7482185
7270564
0096737
113317387
20032836
79653204
54413622
24349034
3107899
106873860
125756316
155226416
40470264
24162166
12783764
35063983
0539490
71301813
134150563
21225492
135106118
46814753
64762571
49392790
37049643
16620121
1492304
4781191
1701141
3586088
0722092
118771402
28797803
0321489
0763433
20018619
0723833
113379576
1833252
0354413
129482466
43660741
44656454
28961410
0731279
135080201
131909270
71587019
15966126
78344447
87871767
18814093
20566444
42299197
50009765
5291398
0202004
14033433
17331762
0982437
59399710
56572813
6143489
13043505
74622838
100945876
7853101
20089539
10250381
27454106
64686964
4381533
79358387
5059950
30393477
0134248
154314058
0874843
156712790
22749702
57658221
11666599
24190373
2761848
17342253
110494469
20380085
0676156
33149670
11400918
24764757
16814068
39406357
68128718
1187523
159975250
116002087
23728969
126935107
165206100
156889536
24075820
30501003
53498569
0350810
3738990
83400712
1710557
52761600
76764221
32568684
0734008
38638081
3155842
82516278
3465461
13721102
2626075
43098553
14055680
11358844
32708873
3013091
34806233
0245458
27196707
3442945
1209433
19999531
3831140
44444104
55532099
160645610
23612833
67566154
71391139
35588781
123031235
19480477
6194120
0701633
52779491
54523216
0381399
83453818
0965527
3444857
0345596
22768898
94655253
29412769
26512625
1045571
48401546
175318602
2399287
4774557
7408846
57734087
22527034
19889687
5489888
41784067
95421176
4887359
0502726
0074718
90606564
8575307
0429658
1258468
0081109
26385071
148997147
10306583
0394205
2757382
32176088
3384301
109158818
0528446
93719782
2608564
24131407
1318341
2749493
164185904
4756365
51819533
0158242
51164836
113307129
0707308
49324946
23843983
28910880
15837057
174786520
68822516
18777299
0071792
1945719
0441290
25465706
25506029
157420513
5545314
36574542
5694033
0896128
11629330
49806231
185160051
0393237
2582760
3123128
1413575
2676983
8804109
19947779
9569263
23578791
98537223
70348444
12554648
2059698
28332823
19867264
84542369
24916168
1446260
0557309
2241178
190646373
95033991
23832431
0384259
20864206
0038197
0105696
3109398
137684431
108026928
112326512
66544183
39915124
14678985
0193557
4650662
11387048
0426627
161517248
0853787
21120429
43192308
36983026
1997696
1822500
83847245
53646602
101091504
1545112
25993834
0787243
0265706
31643610
0284094
1332668
2270998
17980425
64858521
0123463
10963001
33007743
5605895
48680061
87806786
1109357
3760081
62884148
98064456
2100747
42533969
1467769
9659472
4185262
0676577
2176608
178595679
44796389
8867030
0923460
0389517
3189558
12547617
0139625
26246192
8334868
129634236
62522856
162102474
0193198
127586402
0462343
5741773
