7944717
25028749
0331878
143130172
0357696
5039844
69001492
18371412
7845446
3294948
60228511
26465331
113027054
25734661
20380572
110546097
24588346
99650393
4982693
2954495
27774704
52200967
1839105
22578758
54551772
98856057
80601090
5952211
25263041
51011046
3261433
25250743
72130176
25093335
17357180
0355734
1179986
28039707
53662545
52769928
72156275
18975554
0877293
3285898
17457351
5389834
46610997
16157554
23004829
0311000
19553776
14614179
37569262
126437709
28315279
7454759
19703345
3073598
6763635
2390813
11778304
153241998
27026672
81313424
0252767
22084887
125229058
72221965
80400060
20769161
20686665
16361606
3550033
7462253
1492068
46335086
2567360
23564744
0390624
0116258
33519457
8667572
0165696
52376090
101047879
10725056
69429765
127636463
119482080
70564340
1352423
80838167
100426881
0551007
11565674
19280930
1900501
101535126
20609983
23046315
69661554
2157782
123833134
0349105
155115221
92205835
2394235
55309604
29920918
120345817
2021718
16347882
43002307
80901810
42275762
25987163
1929670
106081860
13921083
22085387
3987361
29042779
121847585
59101078
37724029
85733236
0435285
3347655
53058634
14489291
11495881
128647857
24129423
22877606
19565443
29737533
127670621
18739562
0131098
13269908
17448395
5816032
18399977
18815019
83873689
1147196
0491161
6815878
0139100
97864256
52576936
134691797
8597830
105591967
69839278
104684205
38725443
5415425
56721234
79101136
76095008
9364602
22622792
0644908
5124640
74898242
0373435
0513798
117378878
3480989
1683494
14182541
3189076
5913335
39318209
24238748
36514716
14540962
2300090
46176100
0221541
70737052
67344804
6436234
16049918
65790070
134223067
29615536
28701791
5122081
21840930
67488820
23018536
0166725
24247647
1319045
11880900
27052099
0707371
0771891
15642282
124562138
2300097
18567972
65415839
2874357
0611397
3801207
166850220
3401173
0876273
64057636
63463489
0184896
92399796
5297325
103952968
118334204
17085123
0149902
132570348
6136465
77998511
115560136
15572479
31353441
1396356
52791676
47665757
125023987
83590570
23017175
68199759
3043150
53693454
110893307
8614021
5352271
15380028
17666266
71624426
29506096
0308407
100396533
107731186
25385045
130311280
23674396
104949433
58149889
46208077
45227478
73982435
45436969
141759506
5025006
2450079
34023098
3698433
106628092
15815146
0826815
28438297
32613630
19660418
135814867
64465513
38124309
20682974
31781624
11118776
55046110
53080066
51017076
11015430
118161469
1538605
0114712
2309740
0562443
0920085
0169801
2748879
130931464
133160942
1546601
0607904
23656898
60525177
0310331
0695713
45471059
41136365
52906724
80417913
20364138
36344574
0088162
5032964
13538926
3878443
24326805
74777214
7531331
120595493
1485173
118965883
26754372
166845932
0991999
2479013
5690092
24544009
22632463
16838008
47373021
12345708
2919799
2289022
23337287
22721710
103379742
50453628
65211625
1130736
27156213
131782447
2309574
19617284
63863577
17271321
25674086
1970836
67748217
91692766
46193872
9337307
156813619
44450450
30899298
22395698
35902244
13500428
42741462
5065889
21556366
2135631
4621193
148420800
0705474
2842693
83610973
1430647
103091301
57431929
27894103
65578881
134029440
1948649
1047394
12561968
10414989
124089131
49208599
1601584
10382960
130790794
2574943
26258313
50488168
68361901
18550936
93192983
147593841
22849549
104774092
3807318
52054575
21062378
0573183
80775867
23097332
78218438
3056492
19889942
29824244
11726421
3511390
1984113
43132506
16011186
142883003
2916003
125396955
66469369
0200553
32324914
97501595
46857746
1555642
9848492
1226760
1698241
3508107
3426814
125168510
28742614
7671413
0287805
165014845
97562169
0416924
24266511
6839393
49142898
15000929
24076408
6930509
18515428
4106946
56708391
58842559
55976019
123911746
0503903
24031021
25413197
18269892
68575387
57765841
5706811
9972647
99618677
99974464
149847912
17412610
1066018
10708574
88420717
5298040
52182643
8284437
1224493
48819251
0765347
6120403
61354289
92396437
156054704
11869357
25801001
3124044
1579567
0893037
13209244
12508614
25927138
2509888
113763458
7268752
0545171
57116760
35661663
110510777
1796833
5948570
2410735
88336707
76994724
2046775
2119186
125711095
21253323
0417350
0218848
10332099
1257072
108869742
59101906
18443416
3494098
0233006
6797907
50204018
32727734
72604598
50344733
18759924
35328615
0368066
5662251
9293444
155917931
0190376
156169200
1222967
0239310
42083331
19438067
97522345
148128925
14005513
103603075
16227294
0513972
124640528
15985038
0198585
0547134
44982222
132995350
114825033
89026759
24288752
112358985
22976657
128016605
109753252
14029614
121188010
12224149
1982809
4659312
1242762
3509859
18079808
0420742
7018115
82221366
0191275
41111002
2479107
29118572
8532835
149553511
182259545
160241019
90847732
41970661
116650952
53265016
0410770
2481956
0702461
33352152
23974863
0713130
9549985
0215713
22690289
1911738
18599051
71915739
63355636
57932665
0371786
19434864
0415379
34840342
2327966
118166195
77050548
14865983
0072429
34458574
1899620
11782137
0263506
8990981
43099601
54174092
80302232
24234363
23375618
47242583
6197490
27012972
1756189
62401617
71488254
83260251
124108512
0177780
82822270
111523906
99049424
27971296
2734934
61026229
19500354
64966309
111333310
80538464
16949152
31397829
27717789
147785959
134570386
108790861
1344152
24622077
0758723
124903361
58123517
130722624
0235148
0451199
2970941
0228981
58556152
1187011
4511034
51951268
2213181
56537384
24749111
0366498
29855744
5658665
0305396
64565469
8500270
0486305
22484170
54158192
1095183
11782815
141617002
14833336
142168431
22234035
153547628
20069134
2899379
25530742
0858629
23590157
57842967
35492701
77170799
26201989
8820193
122363742
12536622
24955155
26297094
53041567
158521453
80990822
27309684
0018454
47169201
20211572
4454341
134032486
22187721
43534406
41012002
42498043
21881437
27018907
14264790
1988222
134869591
21604383
0215831
4741636
0238825
53079804
0962954
51006360
43437925
9900681
37107951
4935461
6942458
37413276
118772758
1898422
168096851
24120445
3327254
90996211
73052935
1746746
40408969
148565654
154351498
87322458
31500090
12408862
48104506
56873619
0379153
67753165
47646300
20361568
18977158
125566947
1160921
13295890
107588667
129344738
3714584
10354876
30311403
85503141
49353407
43753308
20486171
123304415
125357873
23133856
184468279
0987257
155916218
0442653
0216375
17690013
69162230
125252274
5320150
4412650
16797771
55058086
28092653
2153023
0366525
82984259
16712465
23630501
2015610
2167322
15475441
15851783
19988908
54390573
9226577
1860043
13611663
26551606
1645970
0148593
24108561
152716011
24847577
113866337
0336918
115607767
122885998
149543382
51809293
53005392
4765937
63813388
69552028
49237919
59295364
125803469
60700716
48042316
45785279
1234311
1453055
10334519
3508283
3432233
124860124
159778771
1984771
5055712
28361406
44126753
96934780
2007940
34575093
7019314
46439746
65160011
26321194
0278088
6565880
2365518
0637725
113320171
50054165
95549087
7072637
3370601
123172014
0928771
172384696
20665113
2363715
60615077
23619158
0443987
22640308
104139626
1248209
22782715
101393915
0136588
22921175
41191320
0735049
53136821
23927180
1528614
4955982
129644119
61106229
43997851
4555408
35209173
0795969
117444203
0585564
3375665
0950274
0329106
151728945
105606934
7339340
140395218
9516925
61696972
0158189
87962902
1541302
8011349
0979717
3692943
16466527
10361444
1983820
141882848
3111372
2104171
11651505
0983930
25325878
2102417
85629029
0056069
20531137
1059988
63992295
11317797
15737325
71212598
58289554
24325597
25196840
180898500
116004333
0405846
174667247
151409683
4290129
30052894
17401205
10207801
56274626
85468752
4624857
45844519
2556257
21346533
103448250
1503642
22985991
8995901
0400696
0835681
43481660
9082278
58462293
3566860
62716745
10718655
6975811
45073667
67822837
0202708
0908279
1710952
108448938
47040342
20240271
1900306
3797804
27035160
53605988
0962976
41123821
5301911
6673113
97678071
40153814
20758196
104135627
0205930
152320649
21914704
1693720
37191585
8550586
156528402
14369267
144308766
15079143
108347795
30215846
72519805
128808071
35629546
0484625
50237925
36557721
0358724
1663996
41763675
46761872
0085525
46503807
4238025
26113980
25133186
4580607
50027040
12099917
0275544
71891267
33095648
0413636
23642446
114608508
100053508
22151375
79495493
54396673
48683860
3387586
95817085
25201061
109280026
1070366
128983026
99220973
7517487
65123119
3861965
135784903
1880519
117970002
111990936
8843908
41165499
34528205
2809478
0572740
49443012
1972619
0005911
99931473
37446390
0211190
0229310
38086805
96382632
13119614
68203932
60363291
37524128
24568059
2761043
41831106
70704319
4149742
4452408
1485447
128114104
0209657
1163510
187790258
124720199
3534041
19983215
1334240
0616349
0669290
12349107
40360732
33876540
7229067
28763745
3390863
54085994
133488674
