75055764
0075211
42222911
1481640
1011294
10514955
1054631
25417383
15708861
23208582
0371077
21352392
24883424
100236426
0541952
39693839
176378322
45964943
0959730
1331320
70203233
48997721
1779684
3571696
90990238
36361709
16614846
46439937
19594459
62023298
27864083
65096015
43207876
17707608
52604654
32999941
3331738
9037629
146576264
19709840
0809527
1178249
22050852
12069742
12705737
67405575
27556103
5058384
1243636
22892316
114546275
152709502
20726995
87219387
27602043
135699840
24536171
0333875
4989178
0244360
0710087
13584347
35644793
68944732
3728510
98600073
1791090
12363965
1286540
69230939
29659325
120775619
3422649
54803896
9458036
8253385
27042888
7105767
19598158
11037068
7048882
11916620
3661826
81517142
11327803
13482382
15451169
3485078
1025125
154404769
169218799
17146653
106295465
56835028
0153234
5115511
26454022
91786905
0117378
44928842
7143920
15402629
9081801
0036185
64919305
24416369
50077917
8707283
18155396
26711747
4694158
0277742
54195238
10342605
0636391
1033752
22105896
73896908
158816558
36872507
145728419
48183274
47868586
13536731
3745083
98994400
37129734
21619104
26689774
83350926
3848408
7737324
13116279
31228772
28626153
16132874
155386919
53683930
0522062
71483261
15021422
0120327
178920439
122021974
36840574
185128993
13504467
119831445
69419431
35813851
89404414
109288845
0740315
8843500
41768082
8762978
56875187
40725114
33828837
38109226
0619468
9887717
52464936
0381042
5300188
0708661
18426093
3890825
11934867
136114923
5102928
15726022
151908062
22915182
97389918
74783286
6132622
11337570
73491438
76880647
21112957
21288753
68377052
3514009
79461222
54740343
118361271
4267280
1546704
1775784
99428538
1216927
22931424
23583286
24848903
29785714
25362190
1951216
9031037
0834500
1380543
29977022
53665147
112847149
22352235
94015379
0596826
11420473
7496007
50308819
2321927
1847389
27188881
21384201
28846920
32306792
0293503
22201849
1279232
68457882
53576145
23733135
46169720
45561681
1714760
0822543
101326257
133981798
25903381
133463677
135374280
105667544
76030203
36864530
97581561
0846728
29244117
0159036
8660245
79898658
69843247
21622546
0582115
63850300
2596205
128910963
46107975
32967963
129327446
135230391
105256221
22741575
78471694
0409984
29785134
5241955
117956834
27486808
2829479
130988064
18003418
70825910
0754145
2552447
179408330
2925371
7237203
22338107
42008763
148552722
1253502
86408940
0015876
15330569
64952349
8637060
14060635
0624770
9975280
1928170
2552425
5519432
17805816
63283444
135706192
64731199
30699652
0184946
3734767
37651320
19245545
42791989
1742156
38549005
9013057
2693824
20205577
57862920
17285151
182056634
2110120
78579933
135052175
12462134
23029505
32834327
36415431
0169925
24143925
3425927
20622295
0630193
65065561
9114385
107234093
3869264
25222212
24598780
165038530
24135636
165875725
104065850
31384792
2740843
34066648
185397756
22739525
139481339
14713177
1423856
52017964
94418729
19996203
19226818
5600528
41277773
3218484
67473537
150551506
89114425
165902118
24076304
66355076
0152440
21137528
4682886
0333399
0297068
64307727
124707192
26149335
5321172
16490306
47820516
4318616
2018261
61059386
0235980
26001927
9614845
15104159
47575847
44324167
51408003
70705918
35004282
69565551
181362155
4014626
1998887
0463330
131938516
16105130
1678604
2816541
50554513
120252352
36569509
77495483
21181342
34107330
1512384
44900904
33118060
88270629
64593446
1944458
133177314
11032990
8165149
2612772
3860357
107272660
3714054
27218011
12291097
0553300
14625887
30693595
6343062
167704273
1068045
88766275
5717843
4040794
53100965
0375895
82241130
49497642
0941769
64237146
0843697
31781959
1137954
2729196
27329119
133067664
94405070
54898266
26182376
73711208
1311398
66359171
19981632
104338600
1412677
114324708
0328690
27635337
1434465
0092536
67650882
100201224
43300749
7366333
22614169
4427553
26401467
124451688
115893923
23886061
0287205
23762552
2365840
32718803
93720826
26420291
67959013
2654064
143836870
8823637
0009063
16249457
25508887
68857877
78841654
26334779
118288883
6885019
12607006
0497204
33984795
13016388
31304891
2339687
0972498
11431228
81109680
0458967
7613388
42217029
1053411
1098564
26191523
0752670
0385918
24909195
26041448
20532787
47114252
9947254
9917850
39545824
7109806
158472899
1539299
1191095
11582607
106336952
0211033
30894792
0350502
96342922
28070001
170419856
28878235
62246761
21281971
123475473
0333902
3453732
0002547
3741901
16867425
124192602
158148163
95500550
2517139
35755070
0546670
117290740
1247858
24815188
65733095
119792190
2602889
24764203
74188726
47000069
11828642
108780558
19889515
1878732
0080995
90766933
38478043
46392975
62249628
22797891
1831974
20371671
119882839
33346541
0359969
67054958
112391845
127200995
33632991
40472798
0940824
0564954
43499132
2990168
3330637
32125700
105082423
57322024
64569642
26330020
34112190
34342812
0259886
22589823
32962948
26840811
2742818
26752119
75828488
148663759
2437304
1929259
7455873
6175970
0146871
127155319
23334796
97608676
102621380
2449410
1714697
0459671
27115287
1125081
100229298
99840462
43263099
48186225
4867959
1246098
158440024
103264248
57694751
52199062
84359067
155390940
65710333
133139703
117897547
1513320
19406451
38403611
0812488
169614726
0951623
29232813
170742747
26779655
20428231
21296327
111767991
24013354
50449944
3616657
93587226
78705286
6752697
19973385
23645142
0913764
1841303
9916892
45947126
126767721
99643779
101121675
0195439
1634666
123360100
83117270
19504783
0253972
22518687
2388173
112394232
82316881
0007620
69049883
5214571
68257621
38038061
11977154
11101110
6443951
127885444
20177846
100540441
128824246
9712285
19037608
66996755
2553579
159149407
12629989
18787776
75548462
41853699
0718241
0555279
49477904
19460164
73643551
133530103
100609420
60679757
38487651
1357318
139572290
1289479
61538123
2253212
32757371
78027807
0106342
0605731
11201820
1842134
55913115
86344229
13294811
15698301
1998122
22755147
165804904
0216513
13686660
22850528
28721266
25799887
150515689
0421333
67663231
9999020
51554990
22944252
0190532
114658149
9786877
117818646
0712029
0441122
0216561
0507411
26198504
29736639
2531530
70113209
5387076
19689086
19555050
122913516
1276091
165742855
17796600
134316964
25545680
2073600
1310508
5316483
25519439
43030688
1111867
1206459
7470829
14169683
1771047
163075973
23522953
84457651
0047399
56032825
10204760
20414157
19761454
6735885
68232827
19553567
155916566
68590079
76845927
33974493
11684696
6792357
0108085
0914942
21397231
17412625
5552204
36628366
43563726
2171323
114925714
52368979
5368428
60076627
146258431
79750467
1055987
24181359
49875435
129921066
37114009
14128910
127597665
68069934
107746628
33370992
178006933
168721887
33054123
10804238
21674637
126204442
44128446
19539994
21204306
116104772
6271558
11978024
2505912
18760427
80752526
27248972
1893123
36484913
55640799
2108201
14611835
22453546
1211673
66916405
106555125
117836993
0178741
129563520
6503856
125162946
186129073
77732950
3421250
23702692
1613135
4864121
11444951
63713274
26233364
33216366
0450649
34655108
77341007
22367738
86355910
104200502
6401745
57097853
0939977
36745082
133355286
3727602
18989380
105829990
0238543
2449915
51181843
42855473
132629668
1550265
121021922
107688691
0384957
66989195
47244088
1835762
10759378
64314794
107842520
101222224
12119545
1351108
24583775
18710496
5743109
0349713
2421560
155927699
133379707
0761246
79358287
1342696
29929320
69104218
29528547
7317500
129931136
173022833
17669497
27058032
17328140
4650809
45399640
12312935
0431730
2868258
57122839
0943035
77544471
53910140
116357074
49735965
10418390
17651340
128038105
161769817
53747088
123686891
45697171
0409871
23027571
2587807
52376186
97720709
1544320
16055089
109295399
21327328
1035521
55622790
14832094
44446761
0723847
21892808
8232440
7407920
17158617
21024080
161516806
104874205
124499942
3343514
1785364
24247249
28297896
12747943
110743088
1590824
58437486
3072214
0227434
13847177
0460515
6664971
4039095
88935314
22756322
39181060
21091822
54486690
43442332
96778661
38165530
10125359
8173241
18537577
4390640
90283941
6082091
178926841
50477792
1049958
2064100
54774018
19667155
8175929
10631863
1282700
40013389
0584436
1490031
25567377
34837946
0735259
2963284
28855882
15900855
0395697
42714738
8940631
45538038
19903796
7484735
5070422
48127504
4390854
76558779
2906012
5145360
26240657
1274314
1273136
1278127
25239548
103014234
13344130
71995052
4141900
20118828
150445799
65178067
3451873
56429088
1405104
82605715
15351534
82224653
58792324
80383623
2613215
71119017
3194044
10958644
6298818
4076395
26642728
1054926
34562001
19670367
0306750
39951495
22931131
87490174
5259363
174554976
2040730
34157938
1326998
0499632
52311990
13413843
0531001
17972960
102534899
0610339
18630527
2926633
134114529
88153235
117489262
80836236
86182727
24331080
54938632
