4120034
2196427
0128216
17932109
30877180
37268498
105774112
123990191
12916638
68497737
56938771
25146737
0635170
66428757
79578041
24186846
78901102
26367894
0119539
5115747
60542830
4861019
23458396
12701529
0809257
11732634
54454357
25252735
64621050
12093192
1914272
2388657
21034811
43965778
0586406
55767519
29267253
1612886
1780982
123536458
22723264
0477738
153536532
80525500
60002088
17376556
22527328
68485852
56132507
3579661
12865055
1331231
18817661
0688982
1360591
41625081
1366679
1543028
147673792
135123893
128126557
24317436
15326312
36565474
98958052
2685804
110714371
159508719
6845667
3260319
173057277
171241720
57664333
13196864
61427212
30749173
0080880
4847756
37217660
30975602
25045428
40181912
17302526
154886369
117932155
117181082
2137642
0792453
1821489
0604955
1746713
116641944
43131611
1603609
1471623
82236179
98002597
8503217
118597530
65377266
0693416
11700657
49232648
2120783
9428401
65852172
0124995
53220239
81435868
40333670
140912325
0023181
89509219
11015220
28110002
29974096
51081029
2569650
3674852
54122224
123040251
155927734
62322962
10260477
45080438
47217472
27661278
47866275
67693682
71079374
28413459
122679591
94424912
40916653
10909906
14128550
27765585
11051016
1306553
103611748
32805915
1805303
22853800
77698657
27238196
105879415
28164805
19305288
23233360
17656736
68696264
19605668
24221249
0329921
0344792
1779785
114029533
155560163
110466779
28225562
2872215
27199160
2621911
32352682
47937769
1647061
118758173
71078897
2112542
127815878
36527471
116732327
190577683
27599867
93108048
97893617
64660295
4940314
68632759
23415736
22404188
1205548
60345226
65707701
71061393
0418013
15447886
26374630
3812898
116091280
0935756
29223677
31524572
9201080
26758871
31941895
33869230
13143896
53620903
127526093
36608118
26284459
40982457
110066509
65729004
23734197
50716677
0159565
0498897
0251671
4006905
58634817
1247494
20509588
27114143
3885022
57032108
84809808
3266090
60849764
55942164
39590725
11211909
44490169
24105701
22818447
19578978
79319221
115185664
0346443
0063268
21078427
54543291
79957290
0349414
139481731
91564189
118283836
0679729
21307747
13003341
115343279
0119771
160672695
26355010
62344697
62852858
46115290
120962545
13629465
15535522
55955443
42967098
8212122
3131104
0974072
0173907
0384057
64477351
2302852
70929874
17966852
1914836
0412724
9264327
83176934
1307630
136507609
87681274
1842416
50260184
26702218
25775343
13887903
3204748
26536297
2535732
1677791
12465109
6389233
126111004
2972143
15881153
0150593
4622991
122409979
5226899
80065316
3272569
87759850
1590755
165245370
46402608
160551254
49334564
5920837
26717320
15316895
3262823
16293765
1174941
149468887
7030470
57635250
54109357
5063058
38765597
173029663
7703023
1917774
4853163
19571067
150036318
0892069
18865686
55457799
119823036
3569750
13146322
18598799
1742963
18812625
94996528
65160271
7991675
1138035
26499195
71229307
32538796
10395798
113496539
3511348
1728887
21344586
12417545
37872381
129720840
4419413
46302282
23811407
18846937
87068272
52211484
94650032
32664208
115232438
0324392
0034001
24826030
10283426
23048763
92157163
123909810
63348648
29045991
21227874
2263198
0887623
89038022
20738251
56858345
35482719
1082902
26244672
4349639
25577878
4580433
51306743
12671915
132019145
3775633
17047088
1177449
1035554
3172946
0309032
5015059
0703801
105592042
50012038
46319920
24431510
99663256
0211012
0277007
3698232
10401157
45917914
85533781
8599429
4481114
16260227
59056650
29794884
88974357
37506105
23166699
1773441
0665551
172269053
22045130
21394366
135659025
0425501
33567549
18897311
55023642
3310177
71081076
1974138
40732135
58492003
6937691
0472535
88585946
2524549
53236450
1113452
0004600
66915347
162058907
2139716
6481685
89935531
79005849
9193138
2980939
2953827
148563775
14421475
11221466
11456665
0533026
13355015
1499837
3537443
29815996
20164416
188813936
75377800
1517837
67930991
34302393
40900095
128468272
2965309
55624859
29239699
1761710
41874650
6683903
48736353
3880962
2321365
5429502
5779126
91434397
19563475
33584678
10882226
156386165
3307295
0610637
18682853
0728967
29234189
2551267
24504940
0374764
5354238
1995846
11149757
81011988
51668037
2251841
0374330
170545466
118977607
4234648
13307098
99841550
7759270
0557258
43831619
24839140
17458242
118833766
16848907
11358823
177198238
108451185
0442646
6049405
104081577
23706432
147171643
26216835
1416689
33864293
23787235
57099458
19735634
122043954
28026280
1142330
1933085
0755357
1463165
59706827
3224985
9604211
30516638
18580507
23284425
67575844
67110473
1115953
22486001
72046854
166644326
56946300
70292184
125526758
0012295
80327038
74231608
1048596
0705468
23989712
25747905
1115171
14825099
115476137
47478095
17949966
161619760
97729914
13020287
52437497
1497715
190775052
2067905
1615741
29268813
182181365
19859680
27361979
62845371
47666103
3396918
9187930
135115684
50666830
23451343
34844851
19335079
7211194
4143581
2568059
23554683
116712251
62992622
4091396
123625628
28063444
15408073
1060145
10656518
9297589
2419848
4066657
5260883
3022198
103553078
3788122
169700898
24698652
33350194
87485564
18126543
2073792
5358684
30827848
44806343
0249813
9183125
77576164
0251380
6100174
47948613
3118556
132233519
1781729
0492889
3957203
159001973
4150548
2785859
5249334
23026795
1881329
20615062
24044408
165291433
78075969
0542650
157908396
1772754
1727211
29473477
69565858
100248460
63040106
4112258
1697133
133833510
24323562
1436086
7816926
8497902
8352918
127341714
7353139
43014892
19601094
47688091
17822437
97661707
63878031
0440575
53898713
1703825
4288374
80189511
72965424
113612212
6547657
34621817
13158239
29456639
128900332
0043283
1769184
0193564
3166481
23675247
26723309
58526737
30906290
132289808
1669796
1236477
3407660
16601289
1064977
112180187
23934208
173388711
84103017
42867266
1053239
0185093
3424790
0222950
68310358
14150913
179661674
29586832
61189677
2387001
63477197
83651465
3786493
12800375
50956781
36085293
155917041
51706069
21094541
19109940
0092574
10809574
0165644
96855893
19759987
89976485
1429391
161430354
23420825
13556274
20998742
129488421
15971546
2190277
69474621
0047074
1023321
140535245
2228901
56579703
4036129
13626072
15349723
4622306
0906974
56818385
1314941
27984202
0430924
75585446
34311913
1218331
12396918
25093708
0193953
7704743
2466369
22268559
20888898
31051109
1784604
72191038
35722276
2641717
1383731
21263345
36539959
68844684
18160181
46922685
35351329
96987732
75575457
57031848
0133639
14779189
8415989
2020495
12994614
44619957
130353942
142483146
130134320
130654451
8670457
6840403
143730724
2498266
33849930
27593430
28854619
19455167
4052658
15160826
96310852
22791489
3476292
85273501
91942971
71661491
1443427
42044797
82276573
3119939
0894890
86895150
10351171
51497634
0492558
24812745
10189654
38695714
55985867
1284110
5633529
0372357
0066066
1783567
33539479
184364618
2310428
24019493
15246265
25768766
125656318
116282836
2788829
0860231
58286253
16725250
22712326
178377063
102199122
32463239
112788214
3583995
8120646
0395985
133948850
125058891
13380024
2285392
115323034
10992173
30235431
27954376
4146761
128567441
1835558
153823303
28624869
190975227
42565047
25815292
0874373
2342068
25722651
25768383
2698509
93158866
2076319
156820301
0650159
18586759
50915229
39083988
13767623
0388035
103732457
131757161
105506099
23336531
4179992
0741021
27597270
46558521
0213839
12100977
24156062
0149375
9126975
80361180
127674392
119738762
22338745
19482739
2845289
4829129
2942335
136385244
0347162
3084524
2100296
95221337
4409803
0840805
96269692
65923564
2686853
130616766
152026343
135105135
7886239
63749881
11304774
1349609
20897549
146562335
23390164
96262673
55133136
134109265
22880983
21965984
1289874
5191176
15734163
11943653
1612807
5030789
28296345
3223254
0338002
102635857
148963742
27028729
5956870
1382737
51023714
119885399
24316219
37479856
46020359
10286642
42655928
59163050
0517125
153464967
77326140
4956076
32164187
42944470
55507593
4565048
16390805
4507537
23096478
29923965
117897479
44306450
0165278
17896991
54563495
4080993
172643055
153763290
3476362
152996335
0369128
33166543
2489562
20629500
24035713
78369068
19963412
24337638
25184204
34233142
0734205
13022713
90085013
17124368
3037514
0765063
53442740
25361883
131898880
0859897
13883071
36908998
57750826
46500495
15435542
27981195
134968792
2588549
24123675
3117342
2528405
8296910
0890372
9860783
111477588
54401994
1397516
84132677
5144039
18495983
43697671
19540640
9314013
22644094
135331896
5771643
2030323
5675648
134950992
23112490
67431010
68560459
30838713
22001451
116123016
1228152
46075824
60793989
47113455
2851754
5467307
44473553
36601972
65448728
10851609
2091917
1492550
1390781
85191801
3260866
19675258
3041392
61162097
22848749
18685722
20009791
68635806
50786947
45048058
5986168
4315882
4212679
