15567990
3630073
68457859
19540930
127993325
27579182
24176230
106366479
30123110
0369323
24712037
40357854
0455012
44009172
128525647
1726213
79529672
22094738
23584582
9641552
93138442
106402531
7515061
10950181
131560020
151621949
18011156
2130094
39863163
21630954
67898321
51169937
0318352
2896986
139129213
56634744
34652044
21824665
54398817
3445490
147179297
121299795
58685803
5265738
18505718
150680131
25712523
41876184
52795042
2371300
1097586
15836731
64357946
148240125
12798711
89857549
1721596
0797122
2311504
67582801
36940707
29151583
154468448
1476297
4600101
47173641
23654160
1065099
25473064
24365278
24926041
70038949
47505210
15638751
32413477
104915289
45390382
5045707
0543054
99719775
1061145
18854612
46254090
14752830
1192000
49518103
24406798
0218483
62481480
17577728
44987812
82157917
71358654
30472010
14146094
20969361
2688416
38376702
23307491
45856230
75489050
0915770
104881755
48240596
4346399
35860616
120617085
0726247
94779805
148564258
2194287
3891871
157552764
110898325
36208048
0599793
0581842
37377212
78500718
12321999
0087487
76485619
31203398
8900628
0638777
0134372
11633269
0643636
95989967
30107891
19272060
0088762
21524291
56679854
4297284
80802455
50297448
1574177
10012027
2501345
28589983
6812463
0755775
10019896
103997513
0823910
26928509
2621692
47393822
15152488
26692782
0229482
3960473
76439477
12682764
8846462
124456721
157906999
0529961
18742322
3146136
126263821
0715548
38238530
143657964
13441152
186240523
171169254
1370753
14009604
23730979
3394670
3577606
12545780
1234654
130542677
99900795
16788636
101517194
0605228
2897104
0438586
1650270
5021332
154312300
1840982
55225271
135936644
0654065
0922335
14239177
13371428
0112249
0407769
0191549
48995504
52123524
18029284
67083577
13547520
0638680
15482708
45960595
23475281
1746299
9384698
0380583
123887621
56794817
153646366
0239428
2271407
0532053
10266228
46744653
20352024
1274561
1077159
0483132
53157172
61211765
22118017
19917404
69207578
24112106
3617922
1850634
153167121
3093960
84979110
3020296
32617451
21399534
168363658
73749151
5493126
29893043
3739707
1231470
0791031
44180809
13552164
56296804
129317429
153084316
4009080
120800253
1498454
69216062
17087900
4071140
133538481
19840775
17931755
63846748
13227078
42818266
7572747
6367096
1483788
2010645
0111102
6090521
2856161
0476693
70653030
2797807
1238253
6286054
19595386
3088035
65598795
8105927
24116390
0821434
26599850
0034109
48406738
103171523
7139016
7215391
18313260
0852667
0819924
53176744
132567412
31094218
159760056
0274721
3979025
3748972
31728678
0750315
20333206
92665840
98378440
152842021
0390363
2075618
22640270
5408756
51470373
21151328
14805336
16686202
2079328
33906383
29228549
7711176
2031962
115782915
100208625
15267010
55648159
105600730
38269468
67646271
26444186
40157156
26313302
0871789
40298837
22049276
132962613
51209425
27599897
29919644
0203788
69483257
45231810
6884370
0636102
23644968
52762974
2433966
0345088
13074791
46220217
2073862
22337048
0995293
61595287
11497356
65153097
0075763
0819832
35792119
0337132
123605098
15014156
4439447
25630980
1530907
1534807
121383304
0219323
9106234
13779366
67444844
42843161
31655253
35251750
55549867
11227316
22845864
1604521
61636054
2390082
10769870
28968930
16225950
62575883
2479484
8052030
42860906
7807297
87021620
44182411
23202281
1078990
42127167
3636196
2597875
34438629
11706001
38221209
111083823
13975566
2535356
101693555
21843361
52617212
10498869
28667792
1920424
1708339
1128747
0119055
23490574
0523100
124330049
11763986
188444740
2098279
25136642
50864103
25591817
16149542
17705105
0060533
0115961
29222121
2435261
78874237
6392359
46388388
7486506
5287926
12944303
1292285
158867637
27809888
23798035
1599204
146447650
47311895
22571518
0251883
1421130
2780053
21056289
128126004
1239176
2257851
15081958
0800193
0839067
2570886
58885436
4302156
3056416
35077509
19707880
3923318
42351091
103627527
53825238
4346790
10486670
24268213
2868030
11244007
58416397
36918338
118374822
4402289
18291802
15670185
10960769
28976487
0189057
3548683
5010897
38349462
2042598
36338749
0374685
0630419
15842588
53986494
62164515
173098986
27979384
22042647
150849182
101521260
5323989
21589788
13517462
2309372
46378433
106801209
36238155
36345873
7038666
67420943
3113400
0871066
0250455
88563722
11637236
90479486
132455887
50306800
46383653
5268152
38231535
24331177
51249899
69396349
90739638
56947477
0159061
78973678
93774213
1823024
11765792
156411294
3298601
37061630
58672953
22496054
69052923
21133087
5113921
39179311
4862689
53170280
4512256
128572243
23861919
79190944
58261596
81460705
24342652
26642861
57220028
6045756
132102931
45707659
9298373
166126317
59880549
1616919
33409071
126964882
0475637
8776495
24749202
57728652
1752546
32551794
0878909
24814105
0861465
12377843
26257621
32652770
30794739
24187376
8202613
56097566
0828546
3786031
2516296
10102464
19481514
4045751
47198716
118813994
1826443
91285773
35937856
159722964
145252783
29741403
9535257
0552966
57489509
148457926
1248325
71044969
43611974
21064829
29185065
106413309
1754145
50404010
20372192
15904765
2829908
66062051
41330550
4990307
23207831
56217385
39593965
36536628
22761736
4771968
13211278
37863187
1200033
0406382
4801723
0512581
1595945
24618865
5464189
27391559
0877238
18409575
0330983
49416832
173042122
15507434
0999040
1552793
22594977
51440955
1403294
4348418
114450253
0371564
20662029
93593106
16227318
15647033
1603341
8893975
10829270
1180556
145277755
182935699
126735867
0884128
5482947
85160113
9895832
10061295
24231404
11116328
45722473
14277539
18799274
5938254
2771537
0264325
0082845
28556698
49731420
52990800
0150331
0392218
6134983
127720047
7612383
65594551
140504909
0167865
2602042
166519302
30697601
131825098
89559473
10292873
3742346
48249570
35291155
3888041
0630685
16028603
22662726
2174806
0473224
18073308
1098970
3383836
0611159
54662002
0136867
23068106
1351580
8016915
0241234
14350920
8999543
13001510
0342556
1918511
0117169
6413279
62229406
3020527
11078955
55445824
40894490
0405971
56653689
33685382
36943791
24545293
88479852
11560837
135951513
42159786
116539889
2712501
0922519
53416863
18347128
43556033
16312094
102556840
1101646
7312389
80693734
6652148
8400419
40491494
156136769
9017862
2655684
31842227
55564306
40809620
119082541
1508225
47890868
1820172
88276100
19647867
21072560
1700115
14023057
68392959
103044008
151943850
9610992
71574961
34185292
85071350
0058629
7033348
0090778
0134419
13573580
2817488
4403452
97383327
0735308
25815498
26163020
1463879
0282412
22289751
16289926
52805159
14530050
26226101
35511567
2782649
3342071
16010173
13517415
49062158
153367231
33044903
1111069
6000806
20083121
2496652
124292999
9165086
3502220
115379483
47523962
20552756
6144728
29669464
18829526
16141533
171320586
5284054
84924605
3272167
0312444
2010414
49789281
1717660
28006679
9967167
1248668
15815014
16010603
3861653
23266622
63899783
6177318
0292850
16372518
18477769
110145410
17391578
105048972
3377133
11574194
4399982
70464936
17803685
22867502
11258495
14172930
9283127
95944498
155286087
49883005
148552808
0933586
24000970
1178055
1623856
26729653
0406657
26547367
84915000
0200275
128088161
0671109
7364292
0201859
21876162
162926842
0398227
3486402
26140785
0520046
189365591
0657313
45369177
10014364
52695631
113728088
0929853
102410348
1099408
17839871
91412471
2268081
51666415
10355549
10336984
0007522
11618359
69174787
66527395
30662952
58251797
24855546
74769399
4644616
34643213
0121871
0487916
0440514
8231450
1381803
25874968
3203234
29823822
1781696
116200961
72158885
148505644
1332923
0825572
149469086
5662880
0043788
75128774
5960962
106883261
74674050
73330070
35601170
1107230
19881011
1342597
59391291
123389631
18233428
96236766
0112457
83191163
40251837
25595027
14528106
19416624
15199856
36056940
22350152
41028281
81909393
108211251
27214314
37611413
0167978
11516338
0204354
32908271
28113071
28980227
0149772
2423616
1503765
1721672
45779447
4395667
53168292
92668748
0230395
22447730
7952510
0252109
13801046
56530797
94539405
27219273
10423866
2263221
0626373
2196140
40615259
68252316
23185898
4618178
1146410
2542011
0279562
1977537
4771455
4387943
1681455
17455073
47430358
0052615
186609877
101925089
23039132
0911454
89348058
11290051
56437941
110986959
1416377
31874924
0990483
23666745
1421575
120216127
22230702
160522689
8722666
0108220
2021480
90780836
1598120
6563086
57645717
17896181
117347684
0146879
0558246
151941389
110289630
22276629
43913617
22984036
113951262
2259625
11356314
3354043
36092343
0358003
80234715
10999871
1699094
0838223
37876393
3289328
28968374
104233417
1918564
13456008
45297203
0668022
29600460
2247976
24427092
137921541
22180992
1596408
3683137
4839121
44154218
69604401
1064346
1874992
22934243
102399627
