17654528
1420127
173173530
1077185
13402225
0729390
186825659
28934283
8492477
0552501
29943104
28466346
38570870
185878524
6175555
5462050
0977424
5870759
60662200
0518740
0213617
36188143
17951677
37846656
95384217
2556172
24218527
19532258
100239204
153032005
35293539
6843426
3696312
37928940
126432233
41508356
10414302
4965341
51050657
109161793
84423942
102515024
44105358
0315407
132987365
11129678
12278662
3244977
128568310
91273245
0270026
2250651
7565314
23522143
1828858
25241377
50778072
5461732
33375546
14666964
85184846
50529337
58629228
170025963
129858535
2608802
50758855
3835936
128075882
0409057
12532233
41795373
79371283
3995639
7165447
109912153
0360331
3995009
40745422
5165178
65098874
4512019
69339699
19795374
0261277
1442958
110539799
14172759
22639310
31883032
98354544
126541812
64658408
51525476
100422865
188229608
1578880
0432764
18670329
1836631
53270123
7177659
0462769
0348491
100935115
64469112
173796360
0416949
23839672
21029169
148873641
20884873
12519946
153991588
12797824
131576798
5950593
118638222
23700742
168518050
11170478
38238509
12195558
51841439
1583922
3745867
1636850
52657101
40243436
2743757
8699728
50139142
58091497
5904239
101834202
7152024
26173456
99918992
8227217
1685045
27349140
16164892
5305911
32882652
110698999
0704531
7671501
105691815
1656172
10139244
74491714
1824099
80176910
0712946
9805185
35954456
0610462
1020077
25038452
1275551
0108531
1940626
78152335
1572263
16813303
106655707
0539706
31501200
2759363
0302467
18502841
0779320
19241668
20223060
0368346
42284341
0295237
75309999
103086305
4849124
1166819
2403245
35559203
0350076
19341957
77148612
59826881
92260614
83903282
30017239
125611720
35246601
2378158
26055173
0079850
46625770
124360298
97150282
25290114
1425641
55534983
42279225
0092530
30016786
2489647
0860324
0333947
5489396
40941011
36679190
5319830
20497191
12926721
4121674
3414562
47139861
0956148
56998392
153280076
42644876
74642715
22362870
19579286
34246842
11312415
128731629
0816515
12261432
62273602
22411723
1778341
1266135
11032862
36779491
69842308
19071651
1843660
117899800
167621055
1031609
17215820
128764337
0365068
22836725
0374584
174668494
52892613
27718269
0270491
4351969
16288841
4121848
24270508
26936371
19694066
63829780
2248820
15056447
4265502
62007159
116092512
1160912
14512951
5342206
24113909
1653331
29701710
8214582
58323401
45182557
30909104
0314872
63061546
0815949
0264741
9883202
155916849
1729386
182334699
36510041
9103097
0688488
2410986
55906818
60190540
143423021
2747899
1502628
8108534
29307685
20105799
25978145
3029786
7564394
81120862
4681068
3130836
0619641
35502638
156290829
26586378
0274069
31466244
16994765
26053948
124944608
11823262
35242792
44556218
2391482
24630650
2409891
7091710
92265369
0955884
127750581
8257461
10642853
1062341
32525495
20950284
0684272
0176092
25315391
3642980
11497746
62626264
48883340
2591489
0222139
63892630
40664626
2727901
79740812
45086747
23110832
108662740
13939667
6384241
28657447
1024955
26920504
5050572
24139387
12554872
6870110
4243584
0267483
29233258
23749375
7490677
75566898
8518857
15782093
9405219
0437846
2176645
118745253
8579549
2634407
85826814
38417428
19157193
106868968
3886859
19065005
21311260
4045132
75698796
12163472
18503201
94285217
89528536
4729302
51408383
23819840
59562811
185589434
0649119
1335107
31674332
27211003
27722614
71037599
32022580
85423611
8432278
118966424
6670137
46716083
5706769
0606746
0065475
148555292
60664208
16543997
0808334
3684101
107460926
91162253
63415798
22923142
107652702
35465964
62242737
18057623
2457333
3909012
12664987
12017710
135155998
1555961
4904179
101612707
3153573
20858829
4431717
176306318
0994380
10021228
76643459
49988786
66471513
43363139
2092906
4461578
0607518
11617654
86349565
1275592
103071299
15504661
0293967
38470646
21933568
20242569
4636501
0178599
48221537
10048784
10475617
8289673
147255531
57477163
55380519
12697361
55911278
6478117
20431809
2344676
0144230
166056071
38554403
0228581
1613862
0318899
93698226
3196341
16445913
63132093
78842744
0144910
5192204
56922403
26488682
9552363
3173024
114974397
38484013
57920283
93246710
180777512
20328301
0311836
0628254
154814932
1593930
0766599
29508904
101743089
10054001
0993172
15612347
1319480
33311316
2162681
110483589
168372141
76414857
2181829
58489039
46481544
13263283
126319668
35355605
57294988
53196541
3634340
0594853
103916561
1119724
116121596
148567150
20304432
155816729
71298575
22600090
32209561
21618942
2372742
3732550
72121856
111427253
5081191
64522292
0461015
0742220
156901834
40076077
26707035
30119653
143161729
60528171
34885798
36783849
141868579
82302825
0753449
53062138
0751615
1810429
56351183
0528679
6024525
9301780
55226782
49949825
0182354
8625456
49055027
54187425
2202671
1942180
11188801
99577000
3285485
55119522
18613446
114490980
1641349
13216589
0664415
13319169
9706686
0307016
26105531
4241576
4099529
69908811
3946051
12834588
127025808
111985386
17555287
44818575
1726204
96510215
0849095
2839860
87186963
99503134
125367887
0220337
2285464
2014593
52904761
65208592
3608565
34965477
1381653
58291707
53348282
104518839
16422221
103255414
152718186
6355007
52913854
28729582
25518855
123251799
0330884
24315205
0609443
136504690
21929149
143375597
120495406
19664654
125857666
2465925
0560276
8282981
6022078
1674229
128940742
139108339
68028363
1078266
1355003
102280310
3020332
101890620
112179418
21004571
159215500
9345982
124936046
0365091
103838221
67281972
29452168
26590511
52409889
67275152
25650564
5332454
43611621
96388653
7171303
72622648
14612223
6594299
10757386
32380950
8179215
13594762
2700492
75342143
33098220
12709610
0175461
86103107
7128125
159663506
24437893
115475496
39498552
12078960
14203707
2630842
1898518
2641279
32261709
0144397
8167945
22976397
0145715
44864760
93604913
118286244
113952117
24923120
29633439
3136561
43014075
0108088
75568475
19954244
102426910
54571440
125546349
57258535
29382465
5999827
189636734
1778325
0795075
0543321
131361876
11327688
58526992
19600799
123978133
107846622
0332657
5360407
1794521
80493273
0610213
146553742
11449430
2639959
133312704
134293992
17301559
75820555
31441794
2570336
45891122
1944493
3133404
148551182
109957983
100213751
119862535
2107261
35789590
130915273
36357573
99291478
17894518
31981927
1324029
23222814
0432725
13055134
2705507
25147569
114510417
83327082
1172155
25414216
57377542
22424524
55496754
38118729
14579776
178047102
0027425
26770612
29865312
8769570
164911520
0103511
108966276
4044412
160376787
55015868
68437918
49554413
83936951
20123395
57477967
152556999
11379736
53734241
47100167
3192845
0058430
4060254
123449763
14779077
38583634
34320401
61819915
39878931
2862334
69534203
92440316
70813948
55991702
43530793
2524066
45255201
127186515
23688367
27972414
13309399
8444123
27881080
64460761
168690414
5047272
178406602
3763414
0639256
38070560
104586658
2096222
0445665
0988885
8763784
0405037
11998782
0939709
1786288
72924896
23246922
25458550
2680053
2104381
0877234
6980731
11497571
3352994
23424585
24988225
2205462
12901182
1804668
5982122
0358813
4276576
55428432
56946417
68274863
43600791
76726852
10857071
1986689
22160246
63843690
13720919
111121818
19412876
20373856
4874921
46704697
4259053
14566270
0893253
1601006
133328427
92308964
0725656
24179403
28754784
24497620
1223325
56173440
76855144
23411369
1140497
127448366
19484447
18902802
67813765
2578084
2698521
77948093
41211496
127539514
13409824
131562042
0241444
37399120
1858151
79239364
4524699
9528917
1672646
153219854
25078501
1395086
0415851
99785111
81424536
1356102
44650338
5232174
23429705
3365487
118958982
30879792
106450745
0299794
22445978
2101309
126920707
127556562
85807574
1358243
9419289
4539619
176200469
0832414
14681583
5368566
9251432
21964700
133079419
2023828
30325667
164317534
107736214
64583160
1666466
151499652
155283473
4827721
92127176
0930552
72680033
23538373
12486614
28196947
11148131
67528875
112609491
51932667
21160401
8653330
65353825
27399466
67595110
36946380
67491989
47691035
0398752
0489544
24235743
1617769
24651088
118865751
139366087
0961482
57405212
118131221
120405064
46360611
22664096
0974819
22051279
0607779
44283082
128403555
3982516
13568242
0410033
40611839
1664067
9932167
13850684
12977868
56994381
14768867
47512490
47198498
76031199
4259303
125894033
0390474
97279740
39102294
1112373
25068322
19558428
47521071
0406773
53328586
23931385
1242051
47330332
46158850
2150047
2774841
1787206
71488901
4131891
0623441
104572139
5035086
14695424
16209374
13810759
51219364
21392719
33892664
100419895
4996229
0367775
146997813
51438929
2185559
37525320
64451206
2865589
23222599
19930921
41164663
75591414
3490685
87126206
23398025
87058213
89683981
8924812
26659094
153120609
114514574
10850915
1636029
6685246
173418227
4459306
12567841
2703433
1640009
72334848
