63892231
58541012
10130491
25153197
23290238
58526549
30698085
11358573
88045687
0131964
37090474
35669238
7014142
34249963
24972731
0142344
20248185
2764238
0165744
73706032
2199810
54523900
94405672
26976606
86019264
4504496
3575831
49231909
102903770
27168808
13630748
41799765
2709728
0457497
21247230
3848458
2348615
12074263
26329713
12398075
3068354
1957014
119929268
27230862
1855181
0741262
0553066
57416827
12981054
43038337
19782512
29043988
76616080
59266986
69894504
59128484
0768147
12540770
0049196
1725130
67826325
21677848
8842747
12499374
22744839
1054817
19438978
1931979
152100813
113239925
124852866
2083081
93157682
8334064
68265448
94045884
0027271
60356694
20062585
104450777
142516517
119841330
0915401
27347119
74284227
19919549
3696220
92254486
17026761
19848602
2834422
103854409
4591044
85580299
65989516
68397051
2757687
135613186
0644744
18677878
125655119
49852854
30765174
24486894
127796522
2915946
100442593
0389293
45843384
1318647
3781920
144838273
89754172
9823219
24842421
73735561
1316168
64330061
78080765
58083082
1837788
38627872
4972740
41649022
133121674
93245688
55353770
64746529
48544665
19778248
3501350
59469465
102232587
0547823
168266901
1668148
13797996
0609951
154371001
46515050
40563256
0752944
113526894
24300482
31922178
0207598
2794803
23289200
15374170
16156901
3252485
25152405
154075712
25125664
41838742
4998475
58055394
9469926
4425690
128174110
135409220
18479924
2685131
61137934
0989775
1831172
18015741
2533341
26806001
119453862
26692234
23231512
0106544
23687507
11336168
8600622
23505865
123730548
58723903
56560673
87748969
57391075
70736616
1680055
26749435
1874199
43892963
115791821
0127619
11266779
153179879
46691671
0034156
127559785
25822740
23953873
96134524
0290748
30674719
97235727
70298695
40114016
0603624
99151346
91558850
52776961
13433444
61455874
13396867
118693146
21123710
154334545
4306016
51480185
123397984
38348823
9430403
45599188
191083887
63442719
10615924
0200758
126565251
0941412
66715218
7933260
0194934
120857981
22745743
15593504
0153654
53162536
107615646
47424177
77210826
122221168
4618989
6820574
7316853
23517813
4055726
84761249
0230455
7933502
3626908
0187756
1080329
54424300
46532471
2514752
9296096
20678847
63608761
108220114
66016833
32242865
0038545
85873931
189452159
61348829
127398665
99736827
1281818
67031135
148563283
23774439
40836003
89693676
23043130
16999746
51810558
0142637
79288452
3150523
0788989
0427990
56939400
22654210
3992640
119176445
97668777
26782657
22324271
33874781
50491449
3659990
72686474
21861104
0060031
65275096
46684153
131443845
0538081
2161700
90894308
61029687
1298472
125343160
2544988
96321683
34043333
128146724
148490260
63536837
20860432
0860818
0764131
85118509
36398403
65424498
148661913
30755440
0438610
181185971
5830653
77108382
2152976
99026355
19437768
22599888
60085379
18103267
135104452
11243382
7124591
34320676
148556390
45735508
1018138
35465321
102092232
20993345
14617012
0215431
15932712
84876088
2678315
2821700
2809066
0730388
10437818
7798984
18447060
24049042
106718959
2455458
1029200
131506269
1958825
11277040
35555854
0172080
2040390
4099078
93112439
29571289
50214073
25259117
0192140
40281632
180021321
0427457
6597419
75904101
2698259
46160290
182546874
0391588
29716425
44872467
49598799
0819017
0259661
51616673
1831236
26404422
89562457
1885725
1304780
14086075
23121831
38527332
126922648
71286664
146351486
0550317
28542186
3270111
5560976
55692737
0678381
3622868
30045052
1290460
1108653
2135569
110510418
4405239
18936354
61723264
3852804
1346534
14287432
55289174
5860628
37421778
66447954
0743085
0106747
2141591
65258286
5551477
49803482
36489170
128350358
0118797
98984305
56204570
23586763
11293136
19895989
190503618
115150807
102764298
43810336
13612095
28693728
9483059
104952040
14764411
24078075
22142685
85436086
64003575
8032854
29295654
106031166
32549614
0431709
7556563
36266222
37113112
37423329
1619996
2523832
5285399
1894135
0278870
1483342
1497796
40812461
104853183
75260238
101268398
23978992
1756814
4525947
97136306
1056439
33124142
0408027
10162087
2017103
2841369
0721539
25569374
4276888
42312385
24413337
1451741
1545984
1654535
34739270
87889730
12770912
0843947
3578191
162903921
1925655
6160199
95856345
4700615
124143068
4062339
57936724
0149894
24196415
21363822
40819881
0717433
3236177
8686332
1872507
69168542
1156225
6061857
23317366
97483631
2416584
0320260
0529019
0261536
0374971
116972573
0504054
23222271
2809724
3289218
22952291
132418907
21321512
14717250
5124895
10183914
17732195
36611082
0357583
20684087
58715250
73771491
150437681
106484372
14128821
9166352
129225055
84098643
0265127
88494077
0715931
65771059
134206851
0216535
56797588
62376522
31144240
70026838
157168340
26350218
32419172
2206985
42935365
118796073
39587471
44339446
44333353
0136175
83197270
158729342
22961155
62399647
25958898
29271404
16886744
96777016
24066178
46207479
0148234
36201206
61739327
24533973
48915509
72011714
4906294
2483804
1735490
6734450
18459185
29373205
64260332
31154234
71454742
9172399
4913520
19210246
0675293
169412852
44016858
37001276
10774642
34846956
16804046
1598260
0465286
102993175
105442188
145556762
59306023
2226685
28229823
18182839
1092779
109115988
80736831
42665388
1696203
31152994
18876660
0629948
2877910
65104418
10897993
0028779
2269795
130286887
112775096
94356978
3212364
26467322
55875403
164257375
139695309
37845103
0718302
42023910
0378404
147567387
111839730
71570721
52293364
18673910
0190846
57082732
11003769
66368378
3800949
9459206
3561887
32042279
149728156
2640746
5311508
0113973
19427809
36775312
2692493
5235000
43634282
13859396
0771787
18871980
123451286
22113277
171043038
88446993
1699386
62331611
43624949
31921337
3159523
1941632
36148241
7108195
2834168
70913023
54425010
52729383
27596202
67937830
29759015
0392656
27475650
0818185
120599378
154979501
10016309
12556149
4998408
2099856
117453881
101564783
45181729
51518568
49246490
17283064
107152571
5520834
85945069
18814341
1257342
12294716
21142138
9278135
3539096
19398864
1862262
6371312
26512410
24800750
26966190
5249441
55190932
109388502
12431180
1836200
0301568
83568395
62319527
62680420
135348401
0107149
3493760
4046128
20077143
11183718
15359631
71799149
20249283
130083546
88298726
115003671
27179740
81440437
0004646
114689103
0865770
13783339
27600080
0437712
1732001
32534215
4825794
12374070
2173778
24318539
21418945
46118949
8507955
16608493
15026844
31563220
66155108
2529758
124053015
26079470
21392451
119213216
89502358
1719501
0310287
63737406
177100284
22804294
30829776
16639600
0364556
25137218
2161875
11761839
112702470
0270501
0435510
23795098
98832154
0654146
14424807
8638978
65853299
2250821
0382228
18260319
4432800
46589403
17890513
24438797
124316324
28665506
26387677
85220870
95645856
56459117
2693778
68455113
16703375
21283550
60417688
24907049
127932278
2809727
37724808
0768608
3391733
23566468
0423896
61967892
38253136
59630607
1488984
171432250
28864469
2709590
22510489
94705907
0085187
88719980
62830181
10779773
38587353
67355659
132791695
132678348
46133744
2407085
0314399
0721698
58133193
27771519
151537840
56648517
31436313
23505976
2709785
2842061
69843769
14097448
14082134
22714724
14004250
49011772
52328871
27131033
26434091
170100682
24144138
19274524
27430476
34790048
118701085
40000646
19781846
35531794
45662106
0226352
25392683
31112001
2124068
3695776
23319674
2377138
1595349
5667384
25207428
128838464
1224963
1291905
1355062
5256068
118484607
0337549
96041421
29212941
107646925
94184733
14257667
5963298
2701091
94163336
3842690
52701315
1077124
1613903
25226117
1050097
83719245
0939693
5481986
0429117
3164082
46765500
87815877
34064689
162276905
24720386
1535227
8343536
7139388
4194866
111523598
69226882
10321075
59256055
2761618
59738235
29364478
14036623
86968422
8684151
106761748
109698902
20346907
22691756
139084654
154128996
104068713
0265020
1714582
163530706
31886303
0945936
0636964
100922807
17088588
3520853
30712115
13517449
178301663
170256910
4381318
68238932
22793067
187050000
0410785
0192343
1869621
1322989
62852972
26927852
0178807
96242376
2223721
1622511
19799190
5332057
0951818
4060185
2189788
0299740
28571320
48649328
119929487
1601318
12393423
83197602
4528622
1066862
31204346
18919670
0156043
23445474
12788655
2754291
1536817
53485039
57580571
70770671
88116799
151317959
20901989
43461396
3105408
6103444
0816071
164247387
20277212
28951146
2416020
32691691
2712887
47820968
155499738
4978122
5282933
9484362
73037402
1858741
45076317
20156133
19243710
0125528
148131730
0172793
29387747
68445898
22997980
68978145
1369952
15945302
4993164
0567038
1147078
53306096
2759045
154546785
22004931
16509938
29767322
0877586
0268272
45628098
36766537
0246292
1910631
23096051
7882755
2324297
60059352
2021002
0574556
0651687
17395516
13650736
