60615077
23619158
0443987
22640308
104139626
1248209
22782715
101393915
0136588
22921175
41191320
0735049
53136821
23927180
1528614
4955982
129644119
61106229
43997851
4555408
35209173
0795969
117444203
0585564
3375665
0950274
0329106
151728945
105606934
7339340
140395218
9516925
61696972
0158189
87962902
1541302
8011349
0979717
3692943
16466527
10361444
1983820
141882848
3111372
2104171
11651505
0983930
25325878
2102417
85629029
0056069
20531137
1059988
63992295
11317797
15737325
71212598
58289554
24325597
25196840
180898500
116004333
0405846
174667247
151409683
4290129
30052894
17401205
10207801
56274626
85468752
4624857
45844519
2556257
21346533
103448250
1503642
22985991
8995901
0400696
0835681
43481660
9082278
58462293
3566860
62716745
10718655
6975811
45073667
67822837
0202708
0908279
1710952
108448938
47040342
20240271
1900306
3797804
27035160
53605988
0962976
41123821
5301911
6673113
97678071
40153814
20758196
104135627
0205930
152320649
21914704
1693720
37191585
8550586
156528402
14369267
144308766
15079143
108347795
30215846
72519805
128808071
35629546
0484625
50237925
36557721
0358724
1663996
41763675
46761872
0085525
46503807
4238025
26113980
25133186
4580607
50027040
12099917
0275544
71891267
33095648
0413636
23642446
114608508
100053508
22151375
79495493
54396673
48683860
3387586
95817085
25201061
109280026
1070366
128983026
99220973
7517487
65123119
3861965
135784903
1880519
117970002
111990936
8843908
41165499
34528205
2809478
0572740
49443012
1972619
0005911
99931473
37446390
0211190
0229310
38086805
96382632
13119614
68203932
60363291
37524128
24568059
2761043
41831106
70704319
4149742
4452408
1485447
128114104
0209657
1163510
187790258
124720199
3534041
19983215
1334240
0616349
0669290
12349107
40360732
33876540
7229067
28763745
3390863
54085994
133488674
