78137040
26840448
110322552
5750860
50337475
10756301
48355777
0161589
2058125
64906105
2114293
130607710
1252946
67599006
9842065
4895835
7458596
2457721
109475594
24831693
45715368
2584537
0298145
26396204
23767662
36405449
3922789
153886770
12270380
0738427
13918606
166456978
73810229
81843180
0493695
34786206
9521536
47972005
44588015
109239030
10123372
155430452
55408143
179445968
141323280
2505925
0219307
27043919
12666537
3670896
67394598
17972656
2497431
119207401
2598326
77381078
1682705
8554198
122996171
10154495
5339271
1883416
0818791
18850908
1750481
111405729
62380975
26776877
5053645
124198986
49074014
108553524
117869430
42008086
93298600
23009391
52108553
10667008
37908413
0780441
34976878
10482635
0989940
121150129
2642613
14131089
30952417
109170361
10734326
18891702
28285750
0307374
22034550
12594634
111705264
14398303
3228844
25034297
1218570
11762497
20258884
120757207
10403916
42916705
38608040
125190640
3611182
89943294
6457407
23267224
35098986
47645317
1531862
14671104
97061435
148112570
22678800
19580857
82445373
5219672
0391811
43405170
107005226
72931811
179658176
20398157
32487693
36252783
177101767
42361994
47628756
0497824
31268003
9935408
111685971
3426078
50718610
37212912
133651535
1017297
12786178
21915405
52857391
19836163
0168423
22842029
36183664
3407846
0292844
0583689
20203454
74469710
186313053
71387069
4258330
9695013
0760553
24970275
1866425
80910394
24039506
59390415
8111246
2636539
162596037
116539964
2147722
3236129
2400652
37874877
15206741
1052117
4769865
179852178
1868783
160827786
166052138
122542747
1282742
123489290
75861555
18988627
10469013
23062922
47891696
0064291
19718848
2079587
0852616
2422432
176601376
130142900
148557977
96512906
6364597
158661994
36223259
0405146
124554305
108539318
6198250
9328875
6507401
1710215
96048529
69853056
47793926
1754430
20277622
69506021
18479832
102391883
26252828
29177890
65798902
30724146
63329361
2561111
56336220
0133957
58964560
24752279
45182279
5749481
184713000
54773221
42009807
1117552
2609601
0121300
117743929
2712693
5351124
3087957
57676524
3887016
0665008
164449201
124519607
88881079
7714651
28391893
110264140
46194619
0563320
20764352
148559050
84716268
130024580
72164454
2351673
65000337
1459055
65367438
19394345
0084960
0538858
131062286
122799232
34760451
9675018
91527625
0207426
0500259
41346856
1369795
2744923
162092922
0332874
2689077
88825933
2388520
6673859
0681584
48528303
20102692
0167590
0456570
104289496
0634280
126285452
21283048
123480299
26086845
17271018
30872398
38389168
150422382
2954938
43529237
1418968
22136464
83832899
16187003
2307584
3982376
14676697
56502425
151113840
12008685
19588386
133268036
40448824
147538653
20690754
18877553
125007632
1507599
0617291
3351968
82539168
11742152
131207345
0218183
134734592
2238122
1808173
32454057
1757799
71190257
128901290
29845565
4188111
153991331
1107581
90824644
106104407
5932630
145582105
34359251
26662432
134416251
61036308
8831303
26460319
85567882
129796487
18062629
34377022
62897928
71629917
1562331
35679642
1473357
148896178
35748652
28989336
23788391
65654763
58303665
54607364
3330216
78277499
5376982
48179014
6903415
59958798
14427865
1848365
11967527
0738625
25509608
80470048
1888972
3753762
45118335
101776034
18768539
24589131
0425338
7105014
14213595
44328008
56929475
2052301
0541645
66594167
47014395
20162480
1101257
3286519
0973404
0995944
10350117
0111582
1971656
34196744
43327005
7498437
35612714
18839078
61118582
0112925
14028808
1327341
2547129
90317620
135918267
148551211
2918635
13710164
6102669
11401200
44911457
11471103
36959932
37803150
88609037
146747931
102231373
4765702
89450111
67287224
62693994
2166662
62421233
22946665
1510370
157197528
59594819
155085370
35088505
172391099
20809214
52101288
81831461
0480923
112059526
2031198
76456727
25583793
26556139
52264263
18710956
16483459
53807157
3938660
22246626
0970417
6953619
65749129
53645293
1383374
47844908
106255866
4330779
96853966
24923224
3909129
3902375
100487671
1870823
1617033
0113475
10797344
109402767
0363879
1257278
57871534
0795700
127792575
173251194
1277615
128327665
0541075
0376150
112449008
41425784
127559663
5651667
133003511
4532923
23864294
24564099
67527382
29653650
42426589
1998368
10384662
7022951
2158688
1079283
42040765
1731915
180164814
58993683
102958659
1955512
99287385
10428959
72748411
71734066
53942456
26676231
4584633
43599569
24492059
35579263
23144773
101705739
2220913
24768127
1144399
54504333
32860546
1003219
25504722
1092294
0086271
2798878
4935891
1032444
33614476
61122570
63810867
153595637
0461872
2484839
62311076
29386138
119510176
0173245
25249064
10347299
48828918
0325176
28920327
168034875
106889389
160756300
0759320
81371185
35903580
28819630
6186718
3745988
38117956
24758926
55184123
0719460
22519493
96372017
106636786
154640330
72329023
2294100
12143801
0288585
85474697
112709184
54621487
6154437
35181465
19793928
12921685
4935304
8917255
4963708
110712667
155886697
151324021
25058818
12256675
3509853
132014643
23316214
43558092
59017350
19439364
1274206
34311267
36672766
12961876
8317978
20910896
127701555
2253621
49505066
4942829
0387346
14315509
61557267
1502843
20551206
77980592
70249779
11427796
61022323
21225586
17054998
91105730
112551085
152581403
18938202
0147724
2279318
55088117
9396052
50723401
2768807
4195412
10520445
4114379
16020418
28009905
49099630
113469372
4032451
0690751
60122880
18314256
6704341
167621456
41609831
98607989
1573535
1896124
2715328
21077050
13495394
112887658
6884743
91998665
60533027
2227263
0446494
12318078
19754938
3966946
53668276
40201901
14630819
174881688
64150800
107345600
2153768
37854651
63295844
68599738
34699553
77234839
151991104
15395292
65223925
36118742
12588652
22207055
1852037
2275288
112357546
86226631
18279112
43221587
0097921
0734864
19706288
14423329
46496993
53714253
0268177
72645529
107943669
35939444
24010921
110893779
10425666
88065003
45374376
14747458
24180405
19217872
7415875
17070445
0472187
65911770
54519723
50672295
13588546
0869224
23298188
6182565
182769685
127855310
95514422
7184725
19925665
10979455
2439396
156593362
20501790
4536855
129170326
97145723
144615525
71995209
125991171
163517063
60223358
23541266
18866813
5901625
27283353
1254931
3177121
4559434
0562473
19461757
0065839
148567532
23349957
5195181
0980322
19560766
76844679
26617968
16406597
2617197
106764917
0965364
0052321
6228912
55470283
30368991
29188878
34930015
3578073
31375283
47394461
4715631
12162366
4595468
38881554
2534736
0128662
0566078
0518544
24468193
1523080
0411803
126255144
87840563
0577439
30345973
87104813
65431721
4448613
164063416
18266029
3258180
9272474
17795172
1459936
1758346
0051285
1639606
114701490
1471802
17132094
4685835
3528918
0693205
0123227
53111539
35448787
1333825
20740701
0343256
103141686
63367103
1451540
24131210
55948376
19017370
0972071
4145056
7178289
63021871
84283302
5122132
5976068
72542230
28766352
16294865
2601874
113310288
24641169
0830536
1941397
120242727
32708970
11951591
53829815
25102078
14702719
26138250
71543356
72522681
5359175
112388822
53153546
18057506
7271733
48627185
1540514
129576972
12875646
65215171
127298691
35276454
87360583
52326867
52735864
20374302
153851845
6920111
1553612
0485186
118333195
102146571
101496062
12561850
2793221
0584834
19565596
23180445
0364496
3205762
3257458
25290865
17367330
46343950
5079614
2607735
131480787
71645771
116359417
9703998
1209153
25331528
5147700
0289267
116346947
79633899
1700048
1736160
153501331
27559314
4686700
3017536
8217558
24230755
29932192
55605072
57666193
4168465
73721332
29579221
19578230
3474205
33685177
50079768
22409013
114307871
160727398
12767409
106937810
60612842
36012533
49194905
0084578
62636812
115746362
58196709
7801406
111446434
34923301
1377045
1595093
6067093
74354546
1904349
0505513
1630029
3405537
87405484
1400654
1403016
122016064
0671591
110545927
0448961
49577167
102343313
52406770
2184378
109876006
0333658
107178418
49624627
1939931
2173522
1066948
22652325
8885206
65225680
80603851
116549537
173515176
154013860
2854818
3588508
21968143
72417233
16960686
47157749
0489339
1485344
57333456
12144093
8130674
1783667
18139776
49544118
77736452
19574884
1221311
25569033
11862299
178877159
28155386
65206241
98686908
32258511
0604017
57668284
5781289
0342710
3221217
0448871
1042656
0678967
52417080
21354759
56272235
4170476
44265597
140512817
8142809
26855234
191118299
36913400
2399618
22995368
49725601
26239010
67906203
19266055
40431739
7576929
1335426
6390326
10846603
23886088
2816744
7880099
5651305
5229379
0139645
111788907
29213370
86627055
105389467
51687844
61963106
22724618
24810727
122305499
56672198
32810618
12527015
12704119
3789109
4980033
19366479
16443920
10145874
39573870
0377264
12985352
52887364
4865845
1843466
4274966
32350165
12599991
1933407
0818127
54047087
65035204
7080649
