117875887
0350029
6266131
0610313
4167451
22508589
4233094
27626415
15480834
9458129
2419937
49917622
10444753
1580148
13439616
57189960
48833149
109168712
23892645
3564688
2042353
29545948
61624021
0773972
3580086
6423760
187185331
5192084
18902470
0768537
15792700
0179564
132895286
34768163
51477418
5887740
42943170
39970138
4448638
4237114
52207364
11977888
0197837
0430892
55496623
1280262
146618641
2126057
59376203
129071712
153195453
79613404
1551800
4315233
61114145
109216106
4272328
1306837
0833730
1448788
0333357
0794846
14354136
0362151
61572726
0645587
49194896
48163883
33204466
2311752
0849023
4886635
1561096
88673054
110664546
58703459
0102424
1468698
25248844
20498393
59207186
23723827
3400370
101482662
10621737
68260712
47402351
19404269
0975423
0233875
4780626
11682363
128661522
122634171
165152615
28522700
55389482
155281794
134038416
18639136
33883338
4531107
30378682
39534746
114674653
21918284
31195189
1740811
51513318
2240566
0147133
34575423
91560483
1395293
54526161
50642802
1442663
12162477
1858774
48944324
170780184
19583905
17949504
16069095
74223893
89148207
106869708
1382324
132821308
113261877
26438682
96680744
33628252
1511204
26333698
1879635
94084641
75287874
1284324
5829997
74270824
62055502
13308954
4431901
2670273
57303241
9604162
24174151
24424955
1808184
60688506
0335948
0277255
27090557
3617115
24295965
8247340
2411167
84513904
132928134
100587373
0117433
42102985
2539893
60640983
87059026
1569489
27737663
91586240
4405712
0352902
0538451
29589601
119239323
2482351
56034541
70985608
19490511
4558562
1288555
46010809
18821423
11266653
47584221
90823787
2256899
33725628
23133318
35349433
39964759
167439973
19999849
40856643
2676676
11158913
90270268
2405286
0604321
25653410
48928373
0212795
0014592
14462724
1566503
0056903
2698235
50833453
55936867
51226580
0119545
20982863
5410556
10834905
24769158
45680690
60595079
23745625
43108599
19709426
25451387
1830539
45283549
21390507
9886317
2380153
14620572
181122103
52956300
0066369
1165222
1487222
49355052
76457030
57737369
3707431
32350621
2033293
0744379
0238470
43097864
50526428
0586462
64011471
133805957
19134700
5985415
59031854
111390937
91295221
61833886
18636268
3927087
20512712
19658405
103350763
24303160
2990839
21387170
176986042
0562685
9811777
101181482
26614934
99737740
49586512
13565171
13441211
77954315
106789723
22292417
146857484
17485840
0779095
1629797
4472803
26267494
1003115
9874833
3121681
7225632
25874876
36962704
27237087
0009060
24126215
32547963
14160336
114835797
1268150
0801646
0192466
5166006
0473013
61998558
134451637
62521140
109338476
0448601
1376722
60243440
2574671
156366908
165210645
3189822
80531723
1581642
152968593
3621966
96986120
28655617
131794065
2378267
120285748
19770135
13232726
7058187
9947651
30383172
72276789
156845703
24942845
11320287
22462240
0293570
2941060
68091339
19073214
0506832
9851287
112397258
42902694
42278821
50226078
68072885
9566959
1366759
172380298
65923453
79796847
4494477
26460121
1671039
50819641
43340702
118968847
24749070
122139614
21379633
1580701
13931233
3417254
4851457
2943258
24313148
19922492
13415398
48308095
13915424
0651364
23996509
0433787
18336379
16523888
1919872
79347595
84412833
15482080
6016777
2242045
50191811
81273577
76570595
94520892
32637596
13125317
0274609
4355340
1515133
65355832
18712939
102744354
143229653
19474363
33946962
13066683
4423924
22308938
88765129
126208511
128929098
42222440
83793226
123912317
111859109
73906406
23096180
91128949
2037224
6928306
2026968
7409544
49848405
9009737
0874650
185069678
115336305
2428679
2601124
101262228
5532350
20454428
68064013
34554629
1205863
0312729
148557357
0636389
2061930
1425794
158890835
15966091
12938855
19244692
26854873
24848084
0632006
23650787
10561080
22364973
33103550
21183797
30630067
62310195
47615399
84921257
20380959
4168220
24109763
23313100
0462011
39813012
34570020
132945588
0559366
0988029
66555111
15348127
151329730
1704708
18324020
124594027
0962483
0148245
132024425
96504282
153351098
60637852
63039975
23896566
13229942
54873660
20172183
58138844
55056856
96727932
23558167
7425499
1923676
1237201
27392781
1967781
62767167
70067950
128799942
0971829
44225319
3619129
67330610
93127851
17031472
1566351
102711497
16079965
0230601
2930415
1449960
2240259
1741394
49559723
49457028
88354727
133128773
5577566
67930105
2529516
39887254
74603123
142877862
43432770
17383500
162720103
109185643
180345500
0772665
35476807
110582205
50455629
6239912
44077316
20457694
171924779
37297857
5612804
6953457
172629989
31910913
37568851
94433827
65399748
93203620
0694907
80046415
9081274
12630437
27127577
92164897
3705972
44839912
5537537
4370386
6965396
1021561
0938021
122635819
1177529
48833451
0517330
3500019
65309878
1603218
49233868
30846036
64094545
23894356
34307814
47292715
153492381
0092583
0089948
100359189
7595647
1224971
0214693
32367221
20476335
1380980
14747773
54997771
15794099
3531718
0325731
8719104
131693338
8889714
28753165
7572937
134142617
1287684
21854119
8412599
34622801
48994952
2814739
0199088
4204456
63168119
57140421
2561700
71625424
74284049
86057891
15606552
2895693
164033021
35700719
47879249
10435035
127470736
135227474
1322316
1368779
12870996
0195408
29777918
0841352
0779511
30980950
3921968
94437980
27919785
23671294
1496018
4504012
3774529
8100506
35158033
134212221
2457015
47148011
20817083
22223892
0144492
2874790
96382044
13272201
1706976
105778534
0397071
0369164
133472560
61592821
22243007
0151633
12617742
4062701
4406477
17876715
168976779
0798348
109204112
37560874
11113163
15820882
1899296
1084015
3824745
30453209
89392489
33006629
96615734
4561534
60873560
23622717
4817956
1899603
40915835
2575199
19547630
4211326
5782680
114326488
26345501
1604753
59821668
29833495
26383741
37917432
37440461
64743539
0301337
0889209
9089280
43981354
81729148
141983543
0429625
51081525
103598700
1184459
0208988
1614879
131106578
126323648
17429970
16711577
35799870
57773178
68523882
1093842
5684785
126460161
67289259
0414039
0137046
0396459
11659522
53645022
3597872
154697379
136486299
26267918
2759001
0359615
52113234
1359634
2416844
52989184
1339231
0554048
24565466
46115066
67039799
0371715
34130940
0345157
1574598
13137836
21674104
7927626
29148556
4531789
0328447
134109349
0984561
131651244
55137122
3051237
107585760
4522453
1021268
1274077
128307943
157613609
2698261
0817040
9850608
129735465
19941057
65219959
0007627
6613692
9880639
2852701
30145764
0021026
44867530
24038589
1033894
4618806
35462379
175575106
14933934
3187731
0779712
13591217
0287062
2739198
4998619
0462300
0558816
12186204
24207434
0171146
37215706
4867562
137156754
1142337
153592083
52423280
22013955
54545567
0534250
5122083
13874295
50676229
109753249
23159891
0848464
1789929
18847893
36830980
8873399
152061462
4278506
158393003
134089388
58223472
30758709
19890581
0053232
0610628
22987375
91841069
11696291
0958942
23732724
2995428
8410389
31977240
23648718
134343708
158668123
1658658
80026005
102426384
35184106
0823284
0793056
0359465
27200631
55669120
26410308
59598182
23573669
98176156
0628778
0669709
36857847
3664945
36471806
145195334
179923204
11842025
47132059
2283363
67276702
1411329
1227846
49783205
175288871
184372130
24805918
38281518
48308797
98453286
0168343
38491205
78589515
0848044
3330601
24359970
100334870
11993447
55769855
10624070
14126797
3673718
165989029
120145436
71164419
6373181
4042079
20595945
16454388
61957749
2756117
33490432
150517478
0994098
3924948
111357330
72344617
9024687
56128718
1382201
9745128
129350613
49684390
24152829
6478787
96224773
35465222
99659485
30426299
23886319
59072003
47677886
27936525
168664817
1623167
58485402
35721718
101959109
101941290
14454270
18753684
1814538
20465492
155029137
11998937
13138893
21634202
52881160
58370673
0129546
14343962
3330545
80579459
0201321
31189758
28580719
55812819
1978436
12253919
155220646
44417045
11389878
0497240
37910613
90385102
49667288
23188638
169371550
0752600
0212790
0775950
15620664
0220605
2931182
60199142
0102816
92937249
135803368
64912163
3110836
19847466
6157371
84910322
0089971
27478492
26629297
132994095
79527188
14990002
98559144
2711086
69874313
27403201
6274900
0724253
76587295
20562621
74093021
134319820
30166916
35422511
148551261
98579306
10208456
0051786
24434027
1884466
18338314
1448048
23388363
23361284
111931079
47115042
33009352
147369561
0283040
46842921
42271655
5757874
9703251
3221986
140507252
103662156
3390094
10541241
4820879
50190655
77118067
90610789
76169143
3897624
95267715
11454882
67118676
41421454
7477130
1195402
4582704
24464707
19958008
11234647
155928413
130309749
0777024
19037027
46157511
29451148
12671255
44513981
4234842
2229493
2635045
4260051
4531287
14614936
5255364
1897391
17857586
84696553
23746010
75273269
123898496
126929092
3203728
128851908
