34347627
1569028
106224983
21814328
160176745
1920627
127742488
104108207
1132488
80146115
35848670
182520793
155611884
12865869
34629376
26835337
5212501
13836299
6386580
47639725
29600343
67585061
101669744
56818650
15932966
65224858
65440253
16881157
107973462
1625828
99017655
3637347
125567393
5238508
21243799
26574582
31693854
9570843
0682773
3631397
3447633
2966187
74472689
3281670
113368220
32038134
69646468
34769175
103632677
80208565
9744183
0600342
59463742
16796513
14214678
27564439
0947469
95922273
98369134
23062031
1722293
5186510
4701442
47248384
22999409
4859738
7371091
11381045
0248782
24114031
3828553
8882889
4979831
60798631
149624101
84500557
17909514
55551806
5375705
118460676
84914521
32879534
59768650
5850940
17467082
6452791
26638916
0277847
24267690
3021884
136362344
0224593
1944854
20872910
4537647
1823350
102946006
3009629
1188099
0308965
22602370
50307476
74704346
0152168
115998508
131621251
35038649
5268685
20409127
27499946
70283634
3602392
0131292
0966688
148554575
0108562
6840088
56965673
1142503
2754433
17411089
22654354
76434286
1629258
10028371
8837900
28524131
0832865
25343251
42754887
35321063
69415170
83621026
114361768
1115446
1354496
26536435
56630011
74806576
4542304
24871925
0635179
0387454
163928675
25239569
13487655
171760818
1269243
7270206
51099902
7345247
0514421
3835563
54781437
84786597
12742549
2382894
58953111
2710462
18887465
52112075
56862102
57374496
17422169
27550947
24465499
0187171
45254767
0737427
49993504
147968835
28676939
10839967
39758786
0037987
13568999
189257056
32446589
24284168
1952181
26609135
0837074
1412414
0734831
136524579
48867866
36091144
69443446
82776185
67281626
29620086
4488603
27424540
0264655
0380054
0396148
9906760
3882722
3407625
78522180
1756338
35595385
2117824
155690196
4654351
56658816
25961082
40551514
50009926
20099846
58293508
2888175
178687353
44091142
85628240
12983683
0310608
1211804
1243480
13776360
2833644
48176901
56549526
1131734
56517977
27784282
133020588
13057597
39964235
44832593
96675380
1177585
33040843
129079389
85570868
3060239
25736311
20637019
171321341
9065778
64099200
1146017
53484605
0692056
55007262
21987098
102311134
93113916
163782475
4556620
12183443
16140795
0293474
22790864
117788544
26008437
1601406
163883076
0795524
22620734
22801150
2937415
1114009
12677506
54452453
28436365
99162613
3737846
0172654
1769897
29859645
87921825
131353779
1948922
4968499
8819596
120266867
0071211
9450896
84880992
0424790
148107606
135949016
20810490
4184425
52336782
156745156
53075387
104020788
1197800
44464968
19447409
135256976
24856263
68261550
167209167
2332156
0245194
0379353
19098983
29468251
79118742
35560213
23684371
30274890
40336488
3162633
81595309
45505864
62687012
1597014
3340049
35179685
27206977
1180153
58188505
0849853
11630515
22569760
0426657
56046975
42668778
131268393
86626671
1046288
71233635
12064327
91847591
153496923
25691670
48606566
11600137
100590328
0263251
44737250
1566106
5002391
107967083
58523976
74941399
63341336
23913878
49731241
2321404
8329485
3954213
4248714
158897541
159777944
84973353
11556295
9867000
21257504
122681176
27722605
186616291
27762064
9013318
99090724
28110221
26384052
48751281
39432135
28457724
7868777
114665168
1489590
4410520
53105286
107271279
20834717
1676194
61140902
2055724
35543763
0225775
31364555
0200644
80556616
161133241
24776941
60963225
24323506
62548902
119597071
3820919
26980857
15422161
35914208
0524347
3180830
99809306
23722661
0393672
0009535
0804202
114683864
98729473
11626432
13421676
2152472
20458432
20617244
0206408
8792106
2375650
30283290
22073735
0427759
12325218
0593783
19893601
166856088
95975664
26665925
22797308
13036989
35189880
17396291
4839411
19733576
0897398
4542076
29245956
123748667
25472490
112259617
0457645
23794542
6101444
29774793
31063385
18132514
56649631
13387532
178556139
43730696
20597997
20158649
19677426
66061510
0316523
148937435
0882774
35442827
98295094
51984318
20086505
155147278
18334610
85522649
0151999
32883067
47456676
0487019
1969549
73876169
20842925
43340023
104484466
0783230
1853921
9893578
20196422
109377007
159257277
0698446
152888593
51931693
110547845
118538677
10812742
16537362
3848799
27776331
1204476
141832221
1511355
22104126
104740892
19878546
104050559
76888172
0833762
3874058
26929940
17080304
41675647
30422389
2284131
1884085
3907084
2698255
22630156
89726047
20041681
20650914
3388059
49333831
10367227
69394058
0365837
3204248
27650457
32711669
50549370
0331818
1546608
61695940
13673005
24536951
43686896
54405015
0712065
88219067
0417992
1696733
95437439
2112101
118574486
13139861
19583042
3868789
75317890
2011341
2730701
8994064
0089924
7544543
1562239
133029345
11520805
19546756
3952191
103635264
40703272
118051773
1692888
24172176
1478221
4555280
19567415
1266023
1434526
24880215
22955590
0672164
187353478
21035465
12527639
2004562
13914053
128072203
1680983
9890966
128817334
118605093
23068574
2913265
1929770
5526498
5177700
107207959
152511346
53331707
10482322
5107607
85124315
26038082
2335852
112077561
131655089
34967775
4624667
36965883
4933502
71386323
3570536
56336541
165035096
97721990
3044272
1316876
74589183
52494555
128182857
103936344
74348119
21254173
23132695
47427647
23664045
127592469
26154754
80191071
21244460
11390556
98150585
2663543
27460560
135182414
22611223
10170812
134007897
100216966
23827727
47605838
135716388
156285324
135725137
0404192
51770348
25256217
1956798
88773186
0314391
1174770
20681435
30222344
23716258
1372483
0302577
34816839
5595838
80537137
1391596
2495300
2131024
1208628
97668414
1420740
0252578
24016420
88720951
1331381
87752198
9177006
29308006
131971616
29822290
2084664
56479810
50600143
1213258
118939771
53184759
33114189
0525680
88753258
97725255
1421665
3205236
31035198
60205233
24018285
50607217
48303104
0987625
26113712
34524499
0540993
23459893
0714645
2582066
52901867
57422099
11378541
9429441
1360109
76137675
19698548
35356355
94861766
32158182
84071928
19864514
115654285
134563340
5584480
1754152
0886255
146246605
20844380
0891714
36438854
3825771
23773063
56551783
3456000
1083527
1042046
12463216
103362529
1335951
20134084
28243596
67727146
98111065
0684439
0213355
19674387
1812414
6059923
16362520
31231231
5199124
0810576
109600850
53199050
54724846
26052906
3267903
126076107
68936433
3960566
3943772
0470475
68594729
99877777
0579957
90245941
4558871
67448554
23620448
132794892
1073297
1006108
125452593
25197886
5186543
1903586
12703264
25004586
24321168
1354433
70509801
3648266
102869002
85937392
35072187
46873753
5524808
80579072
71598083
3439245
0287288
154936533
10958001
27668496
14658461
13437271
7592843
0183082
0110191
42418897
0348875
4518634
82017150
24183043
0099180
31850631
37383521
9823713
30985241
4078494
1159812
20090322
2423260
13211310
115344624
3485512
4817545
9998114
1483388
77561786
51057005
24290343
39942727
1184971
1182816
6141756
1005956
16218580
24506120
15731470
17839890
0860421
0125608
2681370
1037514
8947942
71057998
24085370
169464754
25811625
147414164
6761226
88609889
1519912
1471849
0335467
29799543
54954140
31781323
5016476
34889516
2018685
12277229
34311230
3423802
1863946
34836174
55089344
5082561
20982780
0593255
5936606
89838598
61492191
26917659
2580076
0332526
124967472
83923849
160819356
2286500
2567532
55324995
160625234
71439145
13762187
24913325
0284579
2183587
1459094
0958154
23641496
9882942
1533040
11869946
13596891
0788344
148562925
156745386
19203998
14156875
20085664
22843216
19066217
89936551
155927762
29115330
45455980
1242506
0537548
3032446
5037680
28709362
147270531
33236473
6015766
47676068
0464714
116628970
0271780
1805121
49044820
0987847
0090310
69929723
2268062
99025301
9920562
65523440
34139934
38613482
10930538
103741318
108443852
55318162
3508080
0876759
17874951
13863190
146605878
129428608
0507090
85417430
37581713
162077200
1042297
71328085
63888922
25025005
89942670
21632154
20719156
26175688
7361844
2068165
130478773
8747211
8952454
23790606
34709395
2815596
68105488
18180962
43948231
0224914
0511794
41114000
0623990
1570886
104514493
158600813
0091245
177989018
127581750
72472558
25412926
22785759
3076845
7204201
154782418
58756131
23360785
65496027
50739555
47471024
20159693
66623896
31561960
91596831
50952156
4593110
3143017
74190419
3654996
1631969
32521035
52683591
133357346
63103522
1258418
3035784
40534367
19835265
10974513
0967309
36091860
97796821
16617309
29590861
27021164
54260857
12043084
2910379
20608901
73706273
52343269
132290888
16874161
30328766
41448716
1385678
35356741
148952162
47558790
154782775
74364093
14782607
58943918
0854173
46198392
1129140
66094436
2756789
4261615
84558296
169387344
3656821
53461218
100746957
4736847
4428041
7171778
58931353
148520705
1435677
88569377
52132196
120028720
133140653
16446947
45742889
18036125
84643759
108258819
0627901
