182458144
10730481
42900664
84409414
85490963
45496332
5882230
21629659
23034917
0595809
69726553
163441495
14682719
25148405
126101162
79245922
166549315
1100410
34329516
1164043
50508029
10279982
60535218
37761863
11197458
47126093
32374251
44177284
104609042
35361706
1431972
143326165
0286445
2649586
3800720
0557941
0204869
0361658
131640822
0367761
10254676
13549806
102756110
110417008
147876430
24407443
2053448
19941709
3499560
27370439
46650819
0405825
67498344
17833403
69532494
87503236
1304273
32858118
169948331
19968579
18815902
19928028
0749580
88152045
153366633
61513809
58619720
52321576
52080918
51172642
79847441
3064679
7657084
20918685
23597036
2972539
25404044
81105268
26920095
11387588
3597088
67103889
129784112
2557574
20727696
96260889
5148962
156712917
22998850
1752821
2999849
0151385
54590579
186089762
60992299
3917918
4186495
121135173
118218059
130513540
1316467
131106574
2202112
79264229
0824736
100685211
106760763
100822794
113306572
33899753
1347250
1637161
32966982
130321969
27471043
65055667
14543458
20003541
5871979
45420442
22936025
61128716
54103490
0044399
65114645
28330118
94838705
22744042
3480880
5375238
58101564
80906229
1276201
0406567
34005914
59965180
112790378
60794325
1947347
9604399
0927138
0663677
1172376
28321702
120106448
23979412
122042447
25390373
2945729
51233469
53172869
3127734
1899617
25217198
19629024
100748396
114625604
114943177
57147046
23474259
113319210
52498291
50301847
74628848
62311720
33318334
128912882
23775948
10340875
4826981
66359515
0426737
1828453
19414484
92223941
91503213
0394351
106067952
11080362
13811600
107793240
10195018
19535483
9771902
110936802
23562576
69864183
1299658
0093343
177280267
28517803
5861738
0182911
39700283
6530638
133392105
25948149
12156795
80852180
141878550
120451473
17443361
70633305
1966301
32480859
64376466
105090867
116958519
8655777
57501665
8114818
1089783
153348746
123899194
77387362
24249070
155927112
81501537
15322705
1561368
3100445
1524263
0507542
28081425
135737917
1868971
54550898
9082122
13848062
1748626
98772814
99018384
0430495
3474448
89970343
40107350
33162918
2494670
19892172
90669531
1650872
178951930
5306647
88769887
22640923
80364956
26689147
27384141
128040746
3366375
98575708
5460288
13832359
5478777
83662070
3247220
2573973
0611491
55219439
41509922
25181851
1601212
165276018
2698254
48062294
17051482
88581036
28704191
1913965
67358752
2102555
1371777
5807093
0568423
30746260
119341662
50403032
2502254
5148462
14407585
4045145
2532485
48087599
81679629
0715384
98343478
1531451
151322569
2216773
11130818
30961374
64422780
90684761
0472421
32510209
0108078
88958232
23135268
28058864
4222751
126091623
54433040
22353084
60793670
0255117
4507280
0831306
2276173
24430143
26692259
36327937
2826104
1686820
1712092
11933393
158581869
1365302
166225739
11905880
112564500
47250095
87159103
28125698
23615179
147515480
1831013
147145674
0420107
2903194
0531492
122508756
48461380
30305322
55098716
45991421
3513409
11488142
0544291
53161168
0367626
5959500
35084371
75229445
26030998
0294606
120142071
106153123
133853560
16517420
53609102
44938343
66207184
27062563
4947850
94750061
0614352
57373544
2484829
2183798
111906142
113473659
67294880
9322021
3153084
24966472
5892198
2537516
56506509
32699098
29063783
4430895
70285734
78845865
119702358
0262224
32322799
84843068
90843904
37253079
0515302
82049354
4665676
72691081
15771017
172959416
5147808
89133904
120729193
23611268
4958495
0233766
46083916
48904438
8508829
0851520
16967058
16629847
0079685
26375359
21178284
47296945
2570096
14402449
23365091
5411269
57467954
29545551
116034110
8725007
65160620
21144673
24017872
126830510
92499033
11255560
2482259
4494118
30787145
78172630
3030395
0669687
130937638
133155777
35667872
133171335
144790356
171994465
28449551
42633950
3091152
147596907
11844791
55426849
10205689
24312115
127325067
124196948
81290160
2274490
84951754
0717831
1036098
68702229
107157023
62172597
0968128
67901685
3274830
50940455
46967974
10029408
2309281
93274317
1097826
4980759
8440988
24146020
5291108
0956119
52736469
16816641
107573547
64833961
7735067
50460121
2784656
2868592
165318904
66114218
24053596
33051617
4491209
1847544
114665947
1580998
7503059
28356039
0583640
127964024
41325885
11438323
22549782
111147377
27062125
97784579
1365222
129867399
37709032
0599484
90574765
12937951
126014214
59109533
20773448
83397661
130140647
44292148
6026758
102725825
82002217
10948076
51749958
2034058
1067934
9413451
50320227
2425072
1788797
20365687
55009509
64509582
65644688
96383183
118338523
4413144
54591617
28787984
125221672
1360866
0984578
2604553
0164502
22747538
3708411
40795830
48973907
1185155
36105592
58730472
1355709
153316112
2498086
2371500
29442801
20755552
6870994
1971175
6928097
100201738
117638009
23167894
58590845
6432560
1584405
19714094
0034784
10475065
168069633
47108260
65806544
14888799
56500475
23963694
111076171
2387526
52740114
148567658
3853921
1564140
1973105
2525465
34627092
2078396
20509371
64100141
123353548
25121807
171168717
154985106
24480557
88706142
16687623
60887731
42253320
8345534
6452781
108935716
40253482
120978840
14330992
0865748
67268877
1084929
0407664
21960572
39530873
55043848
12051747
81156686
26844488
20359452
19810474
3311564
45787129
31261952
34105581
120679883
35693554
17987315
1251039
15216784
0670590
1322472
4769776
32021887
83743341
155801923
68473837
4139916
54077131
86809783
104838752
1325179
71031291
28354007
119193560
95879023
41881800
137461199
46886669
24542255
132549038
0399612
23878610
118610122
4148902
147671347
142593555
101322369
14487440
16643308
1786902
18962166
44976961
2673055
1142410
3154404
0227934
23891169
26225689
1920922
18008829
4594430
42990179
44650515
5915629
91218613
123092338
55228439
49291963
124456492
182939120
32859432
50633856
19459388
9511366
50095811
122635949
53620005
22760114
3358490
25925716
23685040
27437794
33636926
22996114
53445450
69169362
30374179
57584393
57591602
23659988
2206608
63567926
58865448
7240835
103463355
9906467
108362146
21229443
68243674
4179287
165628584
175672800
186132020
32847840
1955708
28748251
1440544
110702127
168681998
7353094
5195355
5110746
22632202
100246421
20413574
36221539
9069250
36629464
5736099
29906615
2837858
115262491
117209230
3166429
0724961
23733489
65887596
5174556
150198186
23580517
22632786
87501705
2855995
64587712
18873142
60805678
111430531
0124904
5287014
10205342
101996619
63863501
114787916
0381993
1631833
35058621
14342719
9381241
9323939
119939766
7194274
26485957
1388206
0940861
1343496
53315757
26076030
0731989
75327224
0638511
58781741
51609792
80693802
2488048
22389625
2706684
3953932
36192246
5995272
0756238
14520497
3361867
7471415
18554639
1930985
4834255
115875056
25713825
25787574
57413060
11871840
26395580
57620658
13986060
24198791
2391639
119813445
68052788
2108191
26816863
0613974
3313572
22847591
61671480
20552200
94330759
104928797
40407284
98129406
3005878
7374203
55371194
16611134
60779797
44567032
0631004
27739443
6291757
17978675
0382572
0142252
63716827
21278367
54042779
84724652
17458223
1464252
2769250
101163202
1088067
0091838
100410167
0379010
10859404
44154251
42046845
2340870
24991945
2298480
11734685
120370129
9420768
133744150
4705707
0340910
13031094
79125907
9522707
0237454
13135869
57836443
127205690
1983652
64324992
9248407
0770911
189834738
34560070
3267703
115003617
2028510
85960752
34132436
0270791
116886313
33895534
84880405
43383605
15665242
7427008
2890901
3479241
117126553
0199651
104260717
7160964
21010369
48976006
0340035
116713545
118552013
24601164
21431208
51154334
2547192
31507266
120665345
21049035
32541156
17852789
48560127
46214023
0316362
0138218
72397706
21423174
1297203
7841342
129236410
1854734
6326419
2552370
32950887
147722432
3327258
8598969
26120247
115940048
10208690
168671504
118203936
102056611
30160764
2390972
0263387
19598232
163935887
44232611
69303682
23884867
126571279
148403559
4640923
1598964
0378855
0192307
0216181
87889427
43833257
7176796
31212026
1374233
11237646
6177494
27274126
22755117
57560523
22339673
33172066
135508781
2409812
1252120
153788222
0346595
1451693
25529661
122483904
44882977
55559414
3377402
0124057
54010104
94328865
4461599
15691250
1079946
0297818
41169364
80541725
38928644
11040753
86082059
1847105
2384963
151233817
23328625
61984623
5273388
1664002
4453530
169425593
160443335
76644717
69508929
0114560
2389876
52953082
61947817
102470436
79307289
13955347
29725285
63434512
55385042
1452989
0500176
26974356
11707650
131143226
132220959
22047908
38521699
42531079
66448874
124095179
15931317
0529145
2028078
23521316
20314820
48222228
115343924
112808468
54018842
2752902
0370822
128814966
17668399
2509775
24424999
3314021
99954415
124320376
40060008
66224973
0601711
57784989
48423026
150033884
82174677
87128766
187775766
26307670
99770027
15105347
6738392
0642112
92436444
