27863338
18343443
164324184
20868328
2174319
82199652
14477936
58148690
111971744
1652846
52260454
134560925
24136632
30120556
0937809
180301218
23389616
73101559
0976493
1686066
0008586
150224299
25918138
45201616
33108756
88132580
12616959
133605313
133726713
1849315
165642941
2657584
2640427
23033636
15981572
60662453
25109475
12682778
4266280
1596208
155314863
0975230
23895823
30432966
28166895
1584941
6294462
18631807
80256804
101272160
12290279
121166105
0843488
12907930
21033850
47452592
3073057
13303043
14422715
0122317
45771757
23554493
25515662
31651322
34414132
34033502
20090841
0505468
17929955
0985743
19579510
26277993
2113771
95169662
1273064
4226307
1141605
12011418
24549249
132037281
26733076
119946901
152919717
111721607
1059991
49999970
9523204
23921723
33312268
39765889
66956556
23641726
1997728
127984244
28150293
19740059
57749061
1859133
47136744
53424278
3608743
124685432
22679248
165789401
0091510
47652386
25207643
48919618
35226765
14524112
26856849
4023170
11954595
1235040
0771207
2168010
54355781
127228509
32606801
48157398
1675817
0174327
0330488
22966789
0020284
65751613
45904299
58696768
131606854
2662062
1229190
68981404
89799951
69655602
34427582
14860211
13285450
2303484
0643371
72931769
4239129
44500877
47190508
0532090
0477639
124167006
0309844
122870177
9539110
0196344
40869911
5207710
71314129
43359902
78253623
2301188
3001058
3652405
2926331
14131001
74033330
0812576
20056324
85775249
140882552
25297318
18163868
31977977
0384038
19043390
7160909
2074185
2553894
67692093
19849358
13736992
0818298
4070808
50954215
0466056
106568204
90750704
10017223
54381228
3745935
110111263
0036319
20527142
13761539
5744479
106964964
89008556
0789449
3868567
29816076
3015161
6875736
45446696
13375007
150731596
6486783
56151446
69294008
0534910
151651781
29643575
22743711
32945709
1679256
150567894
165924389
0372026
14316910
1881665
24592516
23903389
31589086
11919225
1911286
34934911
62813168
77064759
85427516
26504451
1252839
16782208
25468877
114063395
49253733
36044108
0780298
177149608
0916396
11861252
23688492
0314633
52029852
0563689
7826013
31787601
0984079
20242731
2844523
18560888
0534362
8738038
140518680
114624875
87326860
8639213
1871629
25926496
0806252
13037510
0104212
1756782
45758145
5752197
2996321
72364839
123577472
20416166
92964801
23407666
0106443
28833732
1509776
116138168
8296930
24779122
91501725
30893627
108137048
127254342
21608512
7976498
7189890
123171613
18274597
53296151
12522089
3728963
101526289
3013510
5311302
61349501
0215018
24012560
49330778
21046923
2771916
1025181
1241749
23682269
2434940
27581714
8323841
17306725
4036837
57456301
4801413
25060777
0030554
28067266
2928979
108049361
4230491
17071468
25452958
2560585
0955852
129215565
4700922
35816043
46142210
0435425
0296942
107258183
79387249
0732540
1609501
25067608
72839676
0454038
23553583
135490381
2132047
0224945
1779441
61149993
12502535
64794726
66121193
111009803
0631986
6770083
29051615
3129003
2673030
5255771
0193038
19498458
56685164
49910014
58551387
14839495
21094305
35307205
84281038
19082263
172789350
1233583
2982874
74916539
48483013
36537087
2521966
39048299
3419306
5649547
161296898
2539148
68174760
53719113
5316911
1626942
105722241
27330699
5464383
0905732
35379518
2306878
11460968
127307286
0405629
85521518
100913120
0915890
0810349
0181853
25427427
126177311
68064171
50764136
42003878
2781970
95072977
4589081
81965976
5732311
28296180
51415985
3956755
152354522
8903086
112244525
24727555
0620985
1781093
132419908
3103002
10751895
70883286
0035960
132769024
43085851
0925405
1470095
51677889
2665267
4341955
93728817
62604179
16960045
23937889
15060576
1963336
0333807
49460288
2200871
44431822
9104411
17621858
7549620
14026891
3708420
173851082
33453396
1587830
4771035
17443102
20274593
21387344
122400138
16929189
23612192
61905079
3203295
93651929
8615607
55970566
84504905
1473890
7712971
0576181
65378551
1032754
4856041
1021258
0382603
5253877
152507245
129287515
20715742
26607865
5624261
0204096
30086820
26278463
2277270
48641771
61244584
2750276
0101751
46762193
17848980
23919161
21314091
9988421
0181324
100141267
117931993
31635898
8052074
21629756
97746964
0948874
116146550
127398443
133773343
0916858
9412359
4579652
25061316
29367590
71884558
51748322
22336999
0275844
133017911
116508345
0088330
46336722
0492231
1196715
1491870
13573608
97265178
12917690
0432748
57477912
22783740
101927526
119680787
5952532
89755167
13746291
2471660
4247298
78500431
2123506
78588550
22146379
13430983
5312973
18678380
25606530
165859635
168406090
55352098
2600145
22521783
0892826
6814654
1403018
0593172
0142846
19043225
0423155
0751736
0104771
1180584
0177683
116977229
88764971
22188611
0395506
18223877
104493897
2567136
82047401
4133158
23775976
49284038
110920644
75195594
3081619
23405383
2967746
28107676
88299266
129524773
2496066
4730084
4116534
21742468
3181762
4119587
90800074
0979193
0770106
0391003
48065614
11238376
110881530
21401417
64425070
2619078
23043833
30363216
115377946
90237288
61410198
27075651
55561400
59605654
56608958
0380645
121241071
45421377
10214000
28029713
12886794
1527650
133879854
17900363
44702498
165094757
164564233
23285068
6365003
77752279
19749530
66964526
137153532
63353371
50436757
14043003
27628004
0539785
4639827
117377858
43392178
42891717
0913303
35931003
0059774
127773043
2589040
136426413
29100586
61623571
28165599
1024212
0124355
22677403
23869225
0087935
1745493
11932257
36809015
4464134
188536388
44451828
35534903
77249571
32774129
102060922
21370287
159206804
12982333
0004313
14394371
154335762
127971912
0776995
18984471
9565696
53152732
12549717
1891460
2059972
74781151
24992047
1402348
0064802
101081752
1071625
87639302
33088076
2773398
82357419
2079639
63154628
112001790
11096802
1447303
6706804
52601507
52291611
9081047
39888497
53988176
19949596
0142718
1246084
17668671
60916647
0169290
38223013
33475155
89270360
2082018
6864008
59230543
34233012
27533297
19704423
11160075
29530390
23138030
58893826
0089982
1838120
4413591
20744367
13564517
1268881
28374478
24499695
19718374
139121595
33705022
94005246
0120747
0447031
58293834
154748489
38742626
40257935
62090502
1438344
67482426
67871570
67792210
37807306
94442392
34761716
15847785
3941348
29114286
0151914
19794337
11047832
5763755
102527916
107200034
0943758
22610614
30269749
4157378
5501912
6345335
1267098
53598022
24240753
2016373
17913210
34828567
4565019
0526119
29317597
46686317
0916682
3243067
48682981
129914347
54988059
23911034
16009117
84659810
38445159
39750349
50937776
19645318
77729150
1929480
122219869
9893942
42948568
17981765
171344596
189579693
13412346
92135843
25789626
16266540
46501117
23590609
24292397
110814394
7125601
62389244
92286776
69916671
4956599
20444614
45325216
125343544
0318871
21931960
23349400
30678559
0405163
16802067
22750285
9165223
127057767
97560866
1871434
22904039
29291075
2454077
120452472
7914646
148241236
87807719
173479356
10566410
0753493
47340045
0849886
50105620
166042853
0318045
0261114
102266923
60241429
113068811
47939660
126281323
1134478
62117912
26908421
45052457
0125942
63866039
1536752
105800293
0824083
0366419
64807739
158328622
0068587
31827606
166259512
78558830
44031298
132684349
24297023
2627550
101939077
55590273
2006897
64616438
34007360
8453915
28080390
106368547
6341882
34838205
10247256
135511290
2332389
132849743
3368432
43486863
3959485
0798175
15679484
9204331
128295068
10762610
45777600
0733929
24733311
0558710
1535491
8140600
15924242
1891702
0548005
147172003
1071839
13554791
0105221
68021406
1619746
31274446
1236439
41737414
2056730
63430817
83628394
1251733
19492289
1917306
46558804
95162296
136496767
126349668
66014743
82704917
113506463
16709520
115663786
19864146
4129318
1093962
9241570
57181811
1673086
1512467
19863891
1446576
15089959
98176040
29330676
4416974
136599885
37068205
8883675
14064621
17366558
5974333
0875562
6183773
19111538
48685274
9344916
19842361
28967391
126985210
22129854
28620153
29492872
3971894
57807622
0362435
0467556
32561069
13266962
0707979
150297105
43807528
42699890
105323447
0156982
5583939
119809128
14185475
0065467
69464113
23295029
95023179
6022880
26174604
163944678
17352470
5028380
24462312
3961993
0979969
3371210
20130582
15699747
1724833
40457110
45979190
36442205
34299720
10085767
38414715
57059702
87610752
2586047
16124350
1997674
0680130
26268153
106524468
84143926
2101396
1690821
21416678
65317780
64674519
23174759
14082856
17258779
186825151
0359226
34550489
13319011
1203989
2431540
50054516
13405268
102413606
5116077
6583129
47644746
1442619
9934458
67831411
133657953
8733980
3348959
1666973
0503504
2691652
12345219
2954473
23488053
18666219
22354063
19089850
74082342
2728355
0329632
0224392
8787735
15254782
2003148
122460290
0596479
89679021
14038665
108676715
2823268
