15235549
17945917
1217995
26591391
79310871
37147885
0559716
0152808
14180688
121979912
40280721
13977076
24679035
93901714
62653460
62701554
86081871
1201011
19048631
3014118
3160606
25452849
5946089
49738503
24399699
133855305
17513875
20977637
125930018
48512511
8575708
0478774
23795402
19631065
56197873
3162177
22255802
3776165
55421448
49765371
1017534
157393542
17845760
61197531
1580709
3376517
24155883
3967706
83512835
62671492
42966302
1006913
19010292
64705844
120994567
74981426
76608168
40953886
4105366
2353589
0728192
63231783
2786478
99916783
118357251
25126113
159363090
4827195
148564787
27042220
152786094
126252073
77191013
9434971
85135456
21929375
75796222
0937743
3913901
1370982
68381762
0217111
6883364
0744234
184103488
28323870
6005836
2740298
0394738
11493475
0401060
6274769
150195096
30403251
2376782
4343506
3020707
23881583
70533353
0342664
67796359
53080148
64033633
10409327
17408487
20234816
9007700
13346334
44107496
35103796
8680610
20896429
18410301
48955837
43963452
151775013
3021818
17539340
11441637
1579377
43528777
65164901
1222141
82988957
0621204
1854963
1194452
19703465
61965678
0774754
18681132
58482265
34705230
14477694
0320129
45195839
109877860
106408104
53073453
1790419
35281759
19538952
3515182
3032357
3425072
10136671
66313756
63649387
72405790
57785480
60990409
9187388
0827906
135520587
5173787
54880674
10468019
133938217
1738163
26861955
26675765
17443504
19831446
72112713
127976496
19753400
60521083
0101560
63476695
0001220
49360395
30267071
24560917
1670509
152485320
0067544
73786728
106844093
1554878
5175792
5510960
65634294
9922953
5752216
5382682
39687283
2184229
0120468
110702827
58990680
75846562
19768770
154037098
148666439
91404701
0877809
23982381
0317321
39173901
2955358
106774525
11194170
22759594
6390835
1564128
150616855
0568554
3064016
12673585
22536617
4659267
61793336
75097521
24128361
115056415
109043990
0625199
84780620
42266381
1641390
27873037
10150649
138513544
135470515
172854387
59827785
1674609
58555974
0799034
2046331
64757517
47115801
34632605
33958439
15357330
2187527
7237715
62346451
1432310
126173907
23800809
98192552
67310593
0704033
0148389
6501873
57702717
86096312
9791054
2817028
8422003
13943978
89884729
17908096
2254685
76363124
24418105
3217125
1846522
0499075
22326152
113761326
20376417
12984006
51636972
0181674
11221639
17434490
25072364
18841660
107551553
34402300
135663213
47241511
14934364
2598062
14860511
3786618
0679991
104996717
13035875
1597020
23863279
71192326
75473434
116782868
44219763
37588642
21237482
1807377
51824469
66955603
7806573
0316265
27180643
35115348
17284827
12706389
4302606
105703540
33743695
3712755
24607635
77348138
1249362
168068158
27524179
16831681
3082673
91751714
0294644
1686506
114649661
0307964
14219881
80157503
36849677
0801122
23620285
64091169
11606115
44302365
94082484
1741825
12767080
1759678
136239546
24941209
12439279
73338217
0194536
21334391
22588774
10847825
1349175
26233123
6674347
1479097
49785341
181715381
55959137
69207485
1260191
44647004
3557791
4379133
7650045
47279442
60227834
167566664
171710141
20146144
97131702
0910859
4766899
3529060
0818141
2939664
3919576
148566162
137745311
4784842
5034056
125533643
26073071
67940439
23156057
6447592
20087214
95970367
70267195
7535584
23096659
2500466
104693446
3821753
2698284
8689382
11266158
48472172
1851922
4521181
3933334
2151796
33977080
106016707
4003322
33792085
4540203
10664135
1329757
34740948
102423993
98798506
1072650
156841100
1220095
60964597
90369863
76697550
53095425
25037171
0115887
69387830
0861894
104673454
46622029
6723218
1102953
1635081
54197293
28376890
4541018
110196766
19564639
15583504
67694601
131952379
67603884
125770888
13896970
0304551
0157233
22668032
79815734
61979725
11384345
66097927
24629887
115281109
13991552
122704210
185873723
56984767
6559193
45428062
46425010
28748644
46030735
22627968
24961634
109942768
52648629
0836984
129937090
2468874
3387942
29993084
60706393
83647331
26023378
13652811
67334120
3806074
58624524
3566886
80265839
1353237
1759659
6253648
10764092
22559060
7753951
2573949
97201106
24837840
107625489
0563016
13142550
117202813
3777594
0358688
67441770
1076544
22255602
0976875
52088021
178675476
88757158
0114697
171354830
19560730
1033360
135825426
10632996
1217023
26674051
0608078
111579859
63415472
9341006
0659899
22960345
69243261
2560449
3929468
28850319
102313553
43825554
64990695
102083261
3446219
3099722
64697373
71605921
48355288
65456835
100318857
6613733
178631456
2020154
45204781
71927073
45776979
25903204
96673641
4973152
5574273
18375685
73325044
2492815
2074847
32746550
0712153
25245112
60675043
20707540
32538868
121253387
54339529
55745876
8048017
22548694
12319781
23450408
129303791
0387627
7263276
1423194
0843376
38462067
116035250
34882395
3588397
19726521
4478686
29147994
26027445
20306208
25240595
1805760
24632955
14517227
14210384
3892791
0641755
2543604
65449259
2698506
6833898
2025841
52225622
1395829
2394922
46037048
58383185
102956159
62179421
15462983
29832003
34392626
2825288
41454975
35338391
4662139
1465849
24505569
1020182
45895793
5162571
2291174
2893219
39389494
34202161
4741264
0689145
29253837
47812263
0306619
63617271
2648586
25566948
17010059
30944108
33135725
31631688
112797017
1098060
8182905
123127928
51187654
2972370
65153544
22674374
101698610
12021698
13619525
119254851
49928705
143843006
20953493
9064540
89755977
35691016
85430891
5096469
73617551
12103530
27515963
61972194
20886989
48350574
24368191
0104469
59543795
3619959
1876037
16421684
37711748
8439325
5629535
53312964
68488048
1653980
115878273
34987979
84156403
154663937
48206882
1777116
125524623
155916644
124649760
113866725
1875007
26373760
48165343
1267972
68478303
35206972
122906005
43716822
23318081
2291069
38371584
52955911
1501073
90165358
86506058
3790467
61087975
64663826
32209474
93454094
3391906
5044573
120373343
0457651
130885957
14805113
15877629
2993255
168708658
21270165
16488362
1799373
0015007
10575772
48963590
99113828
0636252
1755067
16757392
60323891
2887078
110522617
105788905
51958210
12708094
19325738
28127349
95859740
2114757
47839528
157689197
103096861
0834986
6663389
0742798
103626690
13306221
21119020
23542824
20708362
2757136
1254783
13336293
1042377
65337793
1958706
0137301
54203621
25013242
38885237
34635385
178322579
14834125
61848093
4999146
2227367
19551840
1822820
13392433
82396246
29885014
0351066
119711040
2814234
69427159
24283993
17080210
5193387
23756473
23614462
108640623
2059044
7577119
70623152
0754117
7585954
172880518
188139684
140220151
0255853
10596410
21388582
118340852
128905394
0326150
5407774
37344062
13021714
34753948
1482450
1012530
55479075
19993790
31883184
48109741
4927025
8413825
51025547
0694158
9240386
63878119
103483336
23178444
15955765
159553320
68159882
48018235
97897014
21822767
1349624
131752399
5905411
16178412
95881846
35437823
54086524
112154265
0229591
61965826
6434708
12737921
1544311
1245103
12741006
81733473
3753604
30342880
0589611
0418268
143237184
16926848
22336920
32956214
85703508
3024942
18296606
23777360
0411584
93485280
43852461
3867703
121931632
5727872
55435983
79159688
89832295
14209152
1117231
127238228
24331263
19283007
22630221
37044804
8977071
13658912
150836840
130880673
4122069
55207759
1125206
16658266
1922583
1346239
0384329
1620589
0650266
1843797
10068572
92374407
109703063
24249904
0237742
1122900
69062529
24545874
23612153
159108334
0470754
32068478
0396298
121160937
13110620
69717435
64385318
24951065
67278807
157420346
165553696
0932763
1325064
1267870
6588880
1073065
20218117
78582628
146328047
106713605
0386219
63172362
49895936
0885847
62375239
3733708
29079020
68061233
2288216
104215124
1052098
59637901
13334418
4041647
157907070
50873459
91549242
54985796
36668841
0408155
74860022
28576717
7232829
107078400
0011247
0271681
5062225
21160396
77883932
105518199
0198253
172753012
24048464
7468243
19112908
32826108
178478334
28854364
28528920
2938799
10713341
65305927
58365041
2946109
97417973
104763420
22652273
1101173
11414156
21599656
24295512
96074819
30794886
1777229
108426522
122123101
18403368
49705436
78977864
23422934
2068290
44765333
27110730
10054090
1430314
14476031
188226834
0306846
123846084
96203347
21021102
7562474
17582233
97014718
65171537
8726755
4228676
5371012
19484930
32900024
122456595
1200147
71005141
5561656
42401976
60249137
0156247
99961624
0706368
30799140
118430247
0734731
87565341
83773355
2100443
100202305
85945150
90535212
3993765
14149591
115024634
0106399
1740031
11482063
7740700
23538196
22410620
7136844
97648704
2109405
24100770
25105932
115956212
124001260
53806810
1988380
42723874
1402681
16606812
7370608
96667223
0181530
67673024
0657218
45648737
3953246
19840986
26753071
14340600
1511323
1357734
53843166
38295704
68243768
20111477
165732105
31959617
65752734
1861449
