4371741
4559334
1635807
91506563
116635820
23502486
13415762
110399767
46060005
75045975
150835091
1615761
147560663
64090049
96624465
44060116
33696825
0276300
19432038
5098403
5327796
93407151
2005123
21188952
36652299
59513725
86597416
91539981
108212719
81864032
81424590
5252811
31518873
31047520
3973262
21054949
0381089
6698614
24855990
3662254
84580865
2148187
0131128
4061757
64828633
37645138
25036085
11242996
11651822
21853963
19815045
12027298
13316358
87284354
0211089
15396562
164057670
0017469
64868267
71296857
37616931
27624770
22095095
76470726
156871154
33518154
21942324
13576549
28762765
26243266
19083088
94195004
0004593
22937754
68718726
3714685
15772023
111704729
72356919
98321757
2951537
56895576
46920548
70503976
0899823
120218140
21416130
1441077
1623279
43674843
10680602
45670461
100038694
26200369
19903100
8632598
5562563
104720973
56710749
121991974
91259636
17995527
1483597
102208519
10146357
122608224
0397995
68563691
67472239
60904215
49228581
2857441
0079772
118019003
124680537
22672257
1501744
113719783
7180893
29787282
0156164
125905529
25380423
19395799
21244255
175466206
58568509
180163703
0189629
5387922
3776262
27567272
6483961
16324503
74092574
129061042
51463304
3023961
5631354
1137726
23201966
56400271
133697096
117665120
84218660
5037435
55260479
9486479
15343317
21770069
0411576
61132760
68125001
1963577
68483081
1068545
173175908
157879778
2085823
48749194
32427932
1085230
53328199
4647321
13652331
9010140
76685003
68530234
0301913
143596717
94426208
2126773
1424245
89683878
132980946
4088378
48492680
12142188
79434195
87777959
2064031
3332368
13684611
142603049
0369018
29290790
156461279
23342839
59349024
5408686
2382545
153662402
98765150
78176022
45223758
3395738
153288791
22666585
34386166
178813488
35829369
0715013
68410258
1866059
0080070
26784153
23730107
62598806
53904658
106487463
28205970
1809271
7861308
8768818
60086938
74945113
49103766
0114555
19545034
79024230
90171434
82252194
3218649
23498917
27380999
54486386
44265046
30144721
132538060
24035496
2446670
2261491
15953325
56667515
29711145
20564389
0962690
0404086
28617334
134750536
157520304
1951001
15545143
10396528
60506551
38912313
22159253
58211416
0277546
3154587
28765726
2159981
45477330
72311721
7289041
2761049
94289145
50460721
71968362
9200203
14022490
4167736
14563344
12084991
62691691
34681562
24671695
70718371
1316531
2824004
27986727
19262176
7995256
1375574
5975132
1039491
0181665
60983885
25397160
183337491
1094164
55057025
11761122
3465436
17862781
150659195
171359505
18152426
32590434
57024240
1368111
36178322
62650530
19497157
62030500
1355221
2306546
87769225
37446026
119894404
124281705
0577008
1096020
2527266
0589756
22053324
93983593
1404017
34726907
135613167
26266895
0597345
7293121
55160193
1865478
4798320
25171845
2584940
13458664
1859786
66106226
9840459
22873449
1475225
87072490
12025504
4189768
10870905
0778935
30179701
54981438
10130269
100308941
26359346
9332292
3886166
146330033
6222389
1588877
147271171
37599117
1653942
7703088
24083197
1919587
0385769
0333625
24455668
51818614
26281817
1758188
2663624
95359342
0823983
1582207
1379957
0940094
20909726
1149810
64930063
20961438
85736586
1201300
22769256
39725388
24864157
50520530
26009456
3129376
23633087
0793204
30361539
59283986
21938543
6684227
19368298
0721271
14439743
14818258
6402677
23598858
1759237
10128600
14407359
33623870
3379318
59284748
33170557
130683178
69956152
5842274
6310621
48964718
10435590
131832178
79120972
91248001
2806261
0103605
135082367
19613244
0219219
0451545
81818819
178110192
11685966
2670773
0797691
146330194
8218052
1518424
3003919
100700607
16238774
1423109
74178644
25207698
3588387
0565303
0667608
12958725
0914316
98890303
80180894
53451147
14892110
68350767
136237239
25432596
33389578
7908926
25226157
27147194
42657459
98571307
49085735
94128076
25986869
189281765
54278221
100663443
3446498
8611488
122842486
2406094
131319577
82216998
0496040
0050906
2951437
62307290
55447574
6580368
52512051
53479633
1798788
0799278
77494761
178621722
58671698
22527319
30019394
20229753
40616422
11344732
111073953
0606889
13070797
99819504
25846202
5013486
178866113
5226613
3807321
47022413
0143020
21871917
163645303
103556121
22341815
17357493
12300094
2698499
84256207
0597255
32780286
175696283
174458235
22810857
69362419
0106157
15217250
2214582
101398424
2486176
71517524
156066033
93087493
2395004
0269639
22635819
21649392
84297258
59075725
80801816
169090303
1036358
0359791
77769827
8929656
26312495
0300908
0089654
4636288
18576101
2961818
24516024
99918197
36926854
124425694
2736745
11701403
7954086
9750390
1909723
4987743
2999715
126482120
73202858
18456811
2416775
5186963
90501294
129961664
93035001
168653166
14996995
21632321
0140471
0522499
106768717
1908560
13294562
42119757
3371822
5767508
3918024
36918350
0499162
1600962
1064243
21320033
0298160
1144059
0491145
44725142
1090179
9216816
123158576
91580902
109596466
61866820
1993037
0846401
18501339
67093391
3504640
28524683
54045480
37321487
5723127
120610088
1124168
75440113
19410893
57273169
24054983
3076805
0097195
27039275
4872412
3863113
23621284
16821874
2482072
5163421
23454147
57898548
9828357
4820738
151979182
56862377
86525518
23578090
61980421
1642840
1577447
1937659
1485536
3738347
14369951
31311773
2173821
23192017
156362203
9750957
23044615
14937887
22686273
23330311
21221144
1063282
70325992
1524038
45021025
0237453
18194178
49446572
43303123
11141573
1073069
106449685
6208951
36031199
12912872
29252152
5209291
117301390
118383666
23791353
78185735
45554666
171667371
6822243
4210653
26745062
80625878
3458456
64058698
46891615
14862862
13576933
134158291
31372008
136076237
115624569
36099500
47265973
129314958
11364926
127956327
26249744
129677680
105453277
1985363
35680206
135485919
37230038
68457348
1754941
13775390
0746826
108361571
0405817
23513008
64050638
1118841
10473287
5240879
4152123
26719819
45476671
54699146
1020213
2763754
27657067
46466839
52287574
0800534
61702090
117558550
36779700
6232669
124356783
112393449
11258480
163290841
65506786
2408953
41937664
3254198
0341201
22864424
139617978
1916630
59381551
23079299
2086677
55636351
60214373
16646245
5204099
2545259
94560739
77911424
69739250
1047061
123888030
6884477
1140252
28867490
2020144
11532041
26827030
1974729
0141809
46479207
68068258
1382791
48867813
7329846
131755301
132754222
118334256
0055335
61737044
24660911
30905906
22257361
1248199
58904141
111986023
27314228
2945300
18474442
79428925
75574412
151011212
1520619
22533347
1922642
49072633
32544613
53491937
112865846
0195626
59652732
5339698
46881831
81795803
30449358
40589779
54912061
0223437
1658384
58000714
19023771
1209189
1896349
172455927
73915680
2954494
19446509
0849281
6175724
0100723
5844744
60627685
34760532
7127374
118751717
8650472
0554652
38077550
24995706
0213673
0734116
1062771
31027327
38575317
35426912
49301712
105725011
150450538
0184691
0595767
35247235
51066130
81707196
70067938
1586859
0631708
14314214
13571675
1162141
162676762
106350107
52569309
1387524
14108418
49109355
35170253
32721511
37530825
8451701
125997056
19581304
1772910
1809984
1809497
28983872
22250190
17687207
17953774
20331614
69280089
131744311
4484156
149588245
10019456
26247549
0103460
15945035
60127848
1440318
39874445
24363367
16564567
28588609
42342739
1272001
3428465
177269193
0369902
53991054
105173670
12663449
2244136
37747149
147782115
103635589
0430737
155088776
24024251
13246564
151998830
30226938
4302364
97079643
19547103
58377665
0716260
54040761
0834344
12164854
17934745
99460415
69582320
1516273
116052493
23517957
32156266
120469376
29497636
28297746
89477316
11709989
65313712
51311552
25074843
16071924
0042263
0741855
167520180
25133782
20353188
124967161
169709469
97849810
78862836
54485753
13517440
126225043
178988934
1868901
120396215
91884915
129314104
0822741
43165211
23635650
82409856
12045918
0269753
22805290
32288254
126842200
133126843
6807276
27194892
42913484
52479450
0336996
1728540
1921391
38178638
119408424
63869250
8342722
5248724
0076702
23378160
127760322
7094461
2925705
137038177
15662881
118317302
62742065
109269374
24331071
44588148
27554725
20098077
64790828
21240818
30943253
36373651
3338330
26522140
4344252
26144737
39120905
27078430
125544618
0528131
5179538
17471205
122315513
134525292
2377279
1404756
19687033
19584168
74984526
0442530
5430867
16749672
6093052
1906089
34590855
24727576
2706361
21885947
179357232
15676647
0316388
102886138
78161001
41025312
39935873
5212057
1009481
117347961
6386336
1751493
1528853
35992691
0036502
4619056
9950322
41628765
67077060
18441106
2520001
72095181
150595055
102430715
6443677
1239469
4089410
1385031
155600835
25691245
25008377
68400123
21118204
44688001
131935243
2938199
12401783
0963962
45931580
35525504
137469091
129990319
12975478
3469879
89374442
3522561
