1320350
16264640
43363873
0539980
3224103
26215137
60222752
40354274
24284097
63615493
3877341
1832108
9565159
22072417
57855026
49846965
28926653
1664694
0540913
96515469
26875060
125177434
62852555
60890269
13506206
11245480
2992895
73017601
5329880
23420907
0222505
11439928
66080250
97205659
70457725
25016678
53727682
32920860
35503840
0506688
148556712
55281699
120255032
62927354
52545326
76219092
0119467
1727404
3519254
41453464
13601413
62116664
27790631
0462642
27447065
26512119
29801608
34437000
68044468
74267407
1841172
32782878
0041975
82352541
86245233
2811465
15574312
111600366
0558555
63891082
13841751
65251471
18271419
58607167
22618683
46163901
7539471
20057139
0283074
90187334
12781524
24142428
3483318
22640967
25470058
1860748
3878476
157240738
8615733
57499403
41198328
25195866
1354264
20905375
24316615
12630389
1747321
22307226
60615375
45799400
134177702
10977188
111519692
13440109
0612127
0279521
20704805
3524075
53526619
0984906
1798522
29261225
22113565
1418906
36519052
2572780
17641460
89540543
8671126
26243038
127703371
8279029
22950773
51105545
2992856
0416779
34257150
23452621
133468248
139290054
20130177
98559753
48670039
23442753
133723705
56470335
66549620
2621730
20834555
70537332
52209675
23352300
75714363
95009658
23181030
31039968
16257367
74099136
52655227
48294596
53009317
5987377
116081030
0710420
15606002
73467384
27169603
18935108
118827738
0218021
5435620
64604296
68709510
0090493
55421352
169390942
137852329
50218826
45720227
3479720
84351817
17405962
43347818
1094912
1732758
43829857
14847194
130109859
24916773
3212940
1662960
2205325
115362283
45853237
48366742
0877947
25840974
5344228
3190274
160953863
26477902
14020605
0277799
114578181
54089507
24308732
6442354
29886274
82878597
1261996
9793836
22339686
1700743
63510488
41309146
28438054
178726032
112605865
8176859
9010548
118044962
2709790
131914195
3036648
20993263
67008624
1854044
131120301
3432302
11523899
40392018
0307720
1303850
46848961
3434838
25200643
32107911
28510263
22507470
130881338
28150374
133255364
3077430
9844478
3571242
0218709
90215787
1008665
20345902
25573352
66382780
2908258
99601388
14050739
41785260
0314948
21918865
23561901
54566320
30054490
3687610
104269728
15174675
10096490
2759026
35138110
20919571
23732209
17421540
96055061
5887789
96557433
99952543
114955252
23435230
0568065
22986570
165255433
35275955
19644211
21560197
82074856
0164620
50533367
117862781
1980731
9864385
31172001
5076407
8798276
2185067
27535139
10267834
24739656
0958132
22062326
62166467
22889520
8401345
0491088
11819684
142476093
61359890
60086850
35001860
43799313
126118876
76725747
19209096
3530299
115680061
10156595
28113866
55344909
42162541
96985258
1793627
0922824
6150492
126645799
1266319
58582851
16909850
5311079
151950001
1852116
68878381
33095909
21280575
47603611
62973228
36981075
22883320
135386183
129306191
1856385
8124090
0960250
18663011
129291619
0116152
4026391
155928251
6851289
66156844
5608067
1585993
4839144
0900525
0164710
173437104
0886941
1621902
4650549
63871814
24829046
0335643
112502840
125803688
79473348
1988006
73488471
2326446
10921172
94310927
70842362
0468235
4249554
156345379
87325921
20444384
0357059
23992764
26756524
1089859
7818289
1309939
6756011
2531830
23177497
19833385
6363971
4781045
4108383
1355908
31856605
4997258
34710513
1142690
0149382
116877115
0416156
9915063
0041087
125991087
1717328
154847276
26976584
0510652
62301273
88575726
2117447
63878728
42804820
11910082
26714355
18307559
25743244
60697296
18567922
1402011
19516467
133361230
2205618
1121620
33491852
0344894
113912642
50006589
71151829
3657056
133509132
84635400
15990691
5228267
110805017
0620687
12643360
0579539
49862148
37709966
50835825
55594215
131235378
88587900
13532117
152061985
38454265
21009250
89728861
24686990
109118827
0657462
1486665
2238094
4379415
46684594
3582979
2446719
152904235
35117497
0425412
136303094
0219603
112031452
0885660
1809587
126356655
9062918
17049920
0856841
49554012
19622302
3328508
3146732
0063560
173128989
16220653
130560281
1809936
56221905
3079616
99708365
0343423
24186782
58263337
31467721
14597824
27811519
32181690
63237931
2375350
7984395
72960569
6161266
6388821
114626584
20512846
11746917
22879123
28105263
4369864
61667346
68800989
13163103
34664440
24355953
131536461
2205075
33745666
160951229
114731250
23757767
0603591
18199704
47448521
55079244
11163976
20457877
2235524
25369142
1288760
15235533
1730335
65593082
1060805
8508121
1247685
149523014
13305819
69290566
1419790
1611619
18480688
65035405
0990598
11931055
167847162
69986981
62060152
4433837
63960382
9146619
2488512
64832767
23411504
23858686
10241228
27471781
0773820
104309335
5442036
115011262
0103996
22164859
109428285
45778619
13709393
33281665
8373650
4611798
95655550
22231518
9170755
25221924
40073451
44678780
45607289
24679915
0934203
1809845
2847915
3551749
52127087
18449408
9941752
2766759
3662082
2479359
78746336
103116312
1740541
69474151
160738335
37628390
3294146
2613443
1450359
49472937
125900670
5890948
0241193
1245424
21863500
180662512
7293304
78650308
0112285
13774972
126639035
109163323
2411026
1714451
67958466
10663626
3256180
0986943
1745168
1196782
2540337
8296142
4166957
29436114
168138419
14190226
21100763
131920795
1360644
44897966
24931284
2630233
0210990
71386010
22588874
0173100
78411529
0854474
8997971
153654686
64978318
45812214
8962751
5076393
27483988
1991437
19391761
32310805
96346298
2360755
4082370
0617893
57128325
2632460
0336182
0884809
6576133
0544859
3481969
3925751
22827536
23791936
101738266
0296636
63195671
173022647
12992231
99147533
34410526
46537119
2307589
99847522
14836515
30107253
0452951
19865962
3925401
7046204
27881178
113143299
0468724
8746884
0400772
190240852
94247519
107876019
64622063
25406816
0157653
6782681
162207285
17560827
3461312
42299635
118067237
11160808
45972748
0087959
2000490
35605297
0539315
137847986
58371778
0869844
23380998
1439932
3068642
8214964
9358420
0885668
36518664
6014986
2173562
0470968
2203416
29582848
16256801
0456156
31413106
17644644
22816406
54848413
26600853
2746063
136483131
50015539
28088377
0297644
9118013
190754179
46152995
67902397
9905349
15658181
1515603
127193997
38215575
3175531
5273370
12510711
68485220
0712776
9980133
30138939
12478821
55076747
19958704
145191345
96272662
34813108
109374849
115921785
9620710
134196558
164346429
72426564
88193011
4869840
84648596
21167334
64749677
125201731
1207312
2573015
2564610
70255480
74108860
12849850
4397277
26635587
44506017
20401980
69462457
39933308
34773826
56305953
75358079
1222814
34896885
0086602
0054294
2614484
86559509
51584286
23203363
1490577
126847124
2206584
69482943
27943168
82443036
1597441
24525610
44173837
1910657
34505818
3435249
5720588
26943300
0460091
2069809
1870595
0994774
146984468
76498966
14077397
63970646
54449568
91642270
36600287
78438717
23151537
106093480
11467918
23537484
6763545
150478527
20265050
30981154
2956897
39476853
5570440
80356223
14298113
16142813
55736412
44717123
18028614
0161923
121398418
35994027
0238598
3609164
28053406
10929046
0843283
12101320
1582440
9446552
16886054
0317399
2669742
119772231
2713291
22635301
8287081
11133045
13186026
126277036
0274204
114622042
1221186
19682161
33853533
5633087
13715187
178716285
30101425
126514286
35397241
56196510
20708562
1155082
0090457
9225824
43009989
143478114
31799354
130308110
33818071
80091035
48281005
2159252
0135168
0285761
23571073
6178091
13807290
7310947
12386544
2440884
102296684
1490994
30299286
51277019
76593499
0709090
20568474
1392321
99275485
49958296
59007366
26096398
23099250
41839759
115303897
135156452
11443102
43427047
0591746
0114180
17319398
14590025
3757497
112281391
13419046
1031411
95361461
2418682
2564678
2541942
25181114
32092481
133232830
27969792
4917085
10512188
17701775
16164001
134416539
131884718
148469254
44607998
65812346
30977990
174070776
2463980
46423122
1144952
23429266
1797620
0012899
54652464
0142883
55310087
69556754
133233511
187261380
24289767
0491815
8039587
62667802
107850315
0760361
67662482
61746754
3332480
34080376
79656495
20920983
1827176
4066513
134560684
5150852
6124129
13517434
1522269
13408248
1473580
2685310
26479126
2073631
0146591
0654641
21956527
89499982
9673692
27221135
0710833
2591086
1773414
65680310
8633967
118287292
27052994
44315834
3856448
23173719
5080794
41055433
19745237
161098960
0151542
80002718
17333472
20679821
12700632
59817048
18564989
1401978
0157630
57383587
67852875
67652491
4171225
2206601
0216933
11932136
1046750
21080663
30654383
0485174
1661144
11872637
50204091
7230259
41751279
125583888
23050880
0342446
29422223
150454174
80334268
61360215
48695253
10023550
4056477
8865421
3065930
142871064
114858922
19208157
28636901
27266961
93906473
125295864
33951362
28097466
52380718
38353345
19583653
