26391202
0519387
6481274
0233518
12687607
23583115
27815319
26275976
134373711
13214892
73274818
24033796
86893131
1967931
134132078
33279808
1131825
131870020
43057965
155216431
10126901
30589134
0809726
23946603
9982205
148374201
57566632
68401768
109477895
11035404
0941731
85232698
1011720
73749256
134296615
149150652
6450922
1327596
9287416
75910824
1867365
103022075
55530315
11395275
9069323
73248809
7001452
9625768
22926063
5240770
38145055
1984249
131259853
124699069
11353352
11255979
1591702
124577434
147691680
15020669
58729382
12249695
1909053
0910031
1703720
0424936
0185627
11088177
45394156
9853393
27674631
1307282
155260236
6428891
10492646
134485651
3722117
64356170
13391194
56058038
118486938
1967680
6274849
22690791
10558039
49552820
1676372
64767367
33654957
25687292
0952080
152801547
15310507
8311990
91443416
15016779
52994911
56465270
20518558
13622632
13717687
21255088
159996728
81610959
0929995
61082236
4244874
31927299
4785501
30756473
8301237
131743729
27894954
9820060
47213407
8024626
118382185
2557524
31309352
6638594
10500295
23399846
41717426
2125189
3655669
14390776
29668158
20188869
114285963
40851160
0353076
1508864
109613489
13396244
63963699
3796615
1853513
48720794
55912145
69031198
65975842
0353546
117042210
10957391
4555627
18161117
0295616
77064580
158367675
4796001
24035868
22971325
22538218
42950476
178775160
21198899
20759328
15160369
2081210
31626037
69458085
0124160
13115808
28344221
91998694
17731095
21071452
2620154
42485267
23896437
162752806
13765725
4389533
13069862
1256320
30157974
1379044
10893807
65141369
69919851
60619302
4447881
0598838
188290493
50819177
2483094
5718884
127751255
20155230
23815910
74073004
58006208
18083878
32919201
13005088
27209849
54541944
25000270
78277902
115369836
19487820
152762122
23251941
32346992
20163849
60421842
1871073
23432675
9230017
5109911
25366285
21886589
35955842
11283765
78635469
45998045
12073607
148744841
2044194
103472938
1022388
128449766
95481876
22834416
148706687
1438202
2541835
29242844
114823472
17792901
0279763
4941993
22560005
69913363
37304560
117822741
46884480
25175642
0096537
0858312
87773598
54779170
34212013
0460678
67997141
20732437
8094403
3976881
35199574
190842128
69711279
1676273
3914439
59426218
3854129
34431651
24875640
113946247
3805352
7925496
52408487
15797507
6559927
2753508
26362502
0004418
145228923
63178150
134027232
83198163
116341993
1652989
3449646
6033743
2416446
94773815
14056884
0509769
10474031
53819891
67976638
150564957
0317917
2727058
150081726
2507472
17019981
1978825
114265885
109367151
23014127
2534384
0139258
7690362
139466293
5456849
130874571
1112913
15213679
4818758
53582442
25061090
110717819
24420914
104874236
80172253
1061169
86784520
2049094
0022229
53578007
28070015
0090091
174161751
25324572
2483625
52600820
40682384
2878362
9983608
10472204
5615865
0139468
82628980
13884916
128036525
148218272
3778953
78616333
0013691
0045654
9362314
154295810
24051002
0144681
1369201
170249249
132885349
16344348
43868209
1740620
0242654
93561008
4873114
175387238
37727343
1365132
97539220
4619782
39459579
78071269
10901482
53663389
3377070
23620027
10587962
27753166
11302490
134667998
128049570
5299200
39000549
16294217
29418732
3751259
30256592
4040632
57166392
148883899
133932057
27508365
3407540
1339826
89530992
131592624
25167083
154632293
2080918
134695927
2344698
1229640
1638382
35135094
129494678
0323473
23789259
1375254
106768332
17499813
27551244
3114242
0111296
68499534
71021213
15072780
3743874
110948167
45999187
29623638
105632946
13591928
16127054
110354860
31898004
11308400
18479907
5132193
44386899
23257129
11228687
0183441
91104989
1593655
45777812
2135718
10238901
22564672
74577795
53243742
0935063
59488186
81355437
2294721
96338646
2096616
0633574
0117192
154657034
34150309
13128620
2798372
43287001
127100729
13560296
21390749
3147384
12357083
8692835
14978691
87037076
18942329
80381841
84462296
89123961
1596111
0288476
64559003
90837614
174294290
5460739
30569915
0535822
173099694
1839202
1030017
0090767
2337240
6625491
130814062
2828322
73319368
33108340
136029204
120235762
4134439
25307776
91260492
1263610
0968789
0185754
0397632
69084570
2869715
44822649
17139955
1699223
23404069
8700279
24130692
6717505
53295152
43780048
122764747
0168447
87808462
0432616
19547665
6523444
3237253
14973805
56492777
1776853
22638352
41654477
47261737
11065901
12002036
2701083
184282553
0521729
136435393
4506631
0394749
122198880
53914526
26179503
5923128
97682654
3331147
0915652
0522845
22662059
4240789
2039968
151308216
155916168
37715747
79907745
129449204
5663207
0373719
41899059
37233250
0608475
154057694
11186225
1710622
4392471
0624282
89080700
0227153
4451239
4565346
35816110
58165909
42577473
22735863
10409465
0090105
19984172
63886824
1706521
37628723
9911076
6814110
45758600
94941049
0176098
3989591
65198002
11604432
132360677
41472243
20245746
0956658
100775046
37486535
13051223
111982101
24773679
132155594
3776052
34598673
148565749
0055529
2803050
1000311
15429076
16143635
2006661
1382962
2207842
34167858
78726086
25943251
68058165
8861440
110887899
13328149
77466787
22935852
40954096
87290957
39424703
88612516
126125996
2112699
58982092
89131528
97036153
5685808
2432975
6034992
0875628
84199212
26425077
132739110
30643573
1052216
1877505
115998214
24328661
190091759
68197065
0043489
16437633
3760264
22740935
73361392
18183611
0720750
37439827
0154223
148564333
13150849
8839063
174638476
4516745
51273808
25448075
13653016
159536705
0062949
6940660
11019986
36355999
0100118
2433385
53337696
56270712
1173059
44390335
88687990
31019128
25359701
0174853
36536255
3067836
13429622
44197246
5223500
20137229
14800980
54101083
32614972
19780535
139173201
25659611
142716035
26125335
11007908
147361948
0079368
167051967
6187468
0645298
132767914
47076924
0815260
45419304
0247386
3591094
100799560
0219659
5386892
1506029
179749045
48702530
24277029
14867959
1908662
130930525
5825144
15394518
18086474
27125550
145139935
117540558
1332119
130303792
28548574
7253237
5077160
9013920
10261256
3837170
110074123
5185700
118280690
21892280
114835253
4443739
0994077
36718932
38021829
7303643
51321558
28394488
0353633
7078588
57772241
42740458
66614372
115636754
47899587
28326012
8839583
3266959
58719600
1672020
35849612
2471502
32713011
62216094
128937922
85564866
1521124
83402191
33305329
34764804
25907770
36660141
87410100
1345898
0505985
21239838
85498490
124162421
62312402
44112387
85470755
31222334
2509659
24228816
169126762
94715842
43453487
76334215
5042264
114625725
145563726
45589988
14294603
56547095
14198842
2513186
2936333
5918939
61692925
15140057
115120020
0390248
0484347
2719399
12688645
18483034
1501504
132394826
21407085
147478133
0208388
8883281
43954022
40728995
54171554
19326895
2561018
96528031
119623069
126372306
120722702
31813043
20533347
4681957
23198614
35979269
15684398
103375514
162173886
117633499
11421587
36824897
69619086
8429786
35177660
92583369
68728105
150463483
1210625
20168622
66571312
29697057
2236837
0107067
19646934
51874119
63794350
56000726
154514328
1556022
2015372
113887607
0824673
20119539
43666047
23943319
92498006
6463545
108465344
0398738
133163027
0484246
63572901
19306481
103176692
3044135
128140672
16477274
0376182
78744321
0281705
162006125
122174354
24851475
19510103
89170002
22549791
15339440
0311982
108302969
21160735
87305025
5573200
4103038
68024139
111408811
5324066
3278830
2434565
0430271
78542739
139287714
51639025
60235249
0283340
0976573
111293733
0635356
96160909
1960072
57140521
20167112
0873757
5306440
5006892
122401217
68524643
20048411
2363070
155060710
1261237
51207720
5015094
18030468
106582401
3199039
48045475
18426527
17116948
22654890
97098825
2015773
34663367
108433865
31831079
1264658
1808279
0148989
4471576
77922160
151634413
34220506
25966570
77583109
111768742
2745984
24626186
58069748
3092457
0268879
33846407
4089686
19540179
35230155
3403403
11210335
23260217
58023719
4470559
0138226
47992888
34102590
25759090
171235909
1104538
95827460
58947175
162269282
36617314
0022322
51702977
2677746
4086143
70309903
5405570
15153764
11556036
0476879
85823615
13288947
126183124
13592109
64640683
5220948
3087065
0741137
0389365
4005826
178677961
98319973
0292813
4380965
1059886
0263430
54555931
0006186
1432057
18354395
55646979
56221585
18647192
24226468
0284187
22600692
36660108
5775967
21560772
4981823
12706982
79616365
13843029
99037010
21160429
4825995
1783604
1482466
117027345
0372420
84920749
0602269
23233649
25485638
65932185
32479710
1324063
102133794
0122542
0133226
24116513
159773835
18962826
0103793
44769091
130124144
98755442
6914686
21341128
109380926
160085942
4288511
23026629
1563465
27012407
1532275
1705442
157699319
68519660
13503533
0628805
50012602
0391996
2421537
1969935
7768006
17000558
41259412
0680674
6606626
29183245
0671103
