4858698
9273689
1454161
4177935
12494441
48937652
60496217
16647812
34598915
134367478
1588706
39656782
135704640
23285660
21048575
169150736
7329240
23296278
15552032
173314153
23914572
0421706
33785530
8755713
0818528
2053433
0215895
131700081
27524518
68266247
0019730
12996987
13648280
33980364
0214655
0169656
114700501
26533711
60689694
23262439
57092326
168600104
24984677
4152079
43995972
14075092
18506352
3254907
32748045
16845912
0412490
24168025
62977439
14216473
10651007
69896653
54228608
1710057
3329048
0081290
19401093
1304115
125289762
79649706
79603225
21039500
35310641
114772354
65797878
7186390
4572033
12214634
184936525
0491772
3760537
88577571
27480893
0404443
8401570
104346415
58455924
0756193
20995449
6710974
1914996
81363799
67698132
0156465
4655871
109135693
2279768
87037790
0818384
20411692
100849460
3885924
55897328
150497124
59022303
1744435
11167152
125878727
110042670
23690354
188849446
0453178
12953594
1447562
2085924
0660505
14248093
56714606
90080193
51101094
61385473
26038139
88385917
17701292
16517920
0809340
1498850
22384390
51161269
33455284
23059313
1422599
18148048
13272225
34412372
30795591
171889536
45967220
4716246
61772683
63964614
4997114
0192701
59380516
0791997
1462486
9771481
52805374
79983339
0339985
37834592
0558979
4907297
10884273
0019738
1327543
1721834
2802526
39275303
20300414
1016163
2135803
23097787
1855786
136116333
11786460
9295114
36925604
6964237
7113534
23963691
3649951
88297778
10414783
0054462
2636527
1459302
1435717
0574310
25372433
107120818
0876703
0290803
62711177
51687045
65649669
6580582
19661790
11861734
5133602
8617243
10364870
0290930
1432502
0552609
14829213
135648394
95702756
163381619
51342241
0746695
67558683
29692600
119047997
68625201
139717492
49374574
101265629
23293799
23858351
0004998
13170880
18929788
8021268
10816211
10798213
57934298
47315257
1650238
7327870
55487460
23114805
186003247
11294398
7655803
2293338
4207936
8927657
20393720
0103804
23571505
4989955
55832354
4530417
0770509
3936765
46759635
1602422
2915915
103663848
22279393
133017345
5093736
13278800
57695963
31339431
45026801
17795358
3647164
89483488
168304779
102353447
73524184
0542705
19847129
27963460
19043679
26240585
1513033
1150929
54061461
2468750
32568969
45564078
27618542
1145965
22715170
6631802
156284822
35690859
85904247
22107049
55516283
63824569
0777379
0288497
71482131
134855342
147566840
21241039
2726329
36550827
44080071
47213613
34672892
2994503
128526476
55091276
46598033
46241419
0488912
40635439
0241922
1504405
1578506
104739698
148554897
50994161
4676743
0947448
148567122
26136649
103930446
8249936
21309609
59734176
60670824
13368526
14705116
84505444
24915600
0335209
28743235
18658277
17030455
44699832
154335349
23400614
20355360
11415476
31466627
23910286
1643558
87304897
93842743
0316001
81177190
50294940
30435250
52040350
0175172
32112478
32930500
1270912
56696656
0308075
14322879
20368097
4518596
8550366
2788807
106433835
1582046
2744529
19922997
36353126
21276470
14233872
19330727
5237888
0965987
0517562
48673877
68568285
52978411
0550882
19892587
28897978
2950094
36839761
19417557
20301573
185775092
9869910
0104074
1828420
71384678
112372800
2003592
1261385
1298134
59760572
67882636
28003124
113943968
5936772
16261870
58089501
23286969
21869650
1707596
26518418
13623795
98951327
5278904
135167904
111836496
5469602
1291628
4545647
23595767
130507265
105371208
2898980
2512819
153183758
5315585
27183009
125313065
5395933
23582121
0930052
12792038
32391511
127763856
72484577
105424135
36927674
53737718
0163409
4786946
130678483
108822243
33215435
10647992
129402187
57845953
1928255
1597109
25550395
11274438
103390129
3309013
26911472
16249405
0302042
118688050
0137885
114470772
105091314
93587390
1574203
18238551
1325103
1127188
23280324
36751306
0967436
25147790
50050442
123840250
121881515
150100483
35927594
43738660
0829544
0286534
151519815
2527782
50172448
34355684
86712162
1440032
1587455
154441103
99620793
112059888
4094097
17749132
4101479
33283701
116659059
22714370
51983013
0364557
8218873
0286297
63514638
1256804
137185070
1570107
48265116
0385739
41067181
58758965
90849710
16023821
0225824
37161419
102214134
35771101
5308414
100295619
1437917
58011449
25380844
2369586
2891656
107755661
43332280
35720084
89606426
1697212
3926981
4188845
0975208
67868313
1198692
4932588
0037726
143471863
1456835
127408084
23813724
19940085
19205564
119970703
90148419
1319427
3862039
153608930
2573293
5916330
22289360
51714134
0604398
100175405
23518915
14889314
5830924
153869826
35130755
24197579
26660679
109320718
4625028
63528438
2580301
0314668
8647784
49417964
135203514
15239481
134833304
1074367
4023363
3458191
31905539
56604580
10265938
76559678
24030716
13821056
42889214
91150837
174885188
0347234
17667695
45060413
58789582
55313532
10105105
0155177
24540879
30655680
30371278
20275121
36279638
0164570
12909152
24706241
5377344
46953474
65571292
47961366
28361862
54742537
51492589
127612967
20543428
34250691
0894527
23335598
106196708
1970389
0213422
1039553
51445215
64314567
0459494
18885623
55882028
0727639
1839593
2779805
32614179
0769780
188186431
29555431
30245928
4296721
150496332
71238706
1535818
1236975
14089123
0856395
11848670
0312159
168209242
0174344
1820229
5079394
44300318
154288478
62825534
144526089
24564546
4077178
2071708
37219191
129540860
0996803
92354752
129099388
102455442
11153574
50170809
10768972
1656000
10528731
14421843
114626847
25841782
12437760
15885174
64055838
0245879
5949479
2152609
1132129
138812164
109025853
110230839
28532305
135178517
2669471
4457535
44264053
0253311
0189414
22385817
23155168
124117913
134107995
26388693
126544668
19607355
4773824
0326741
2738285
23310857
66331422
24595138
44960024
16257881
62251784
0156081
119249824
24793260
148164110
0197422
27427061
1297064
99141398
59436009
69460554
18579595
46220531
25906783
0446676
2391750
111339337
0353169
23355731
53747271
22773491
116454292
16931576
173313906
58899239
14095863
15055255
0086803
4267435
7834204
50243225
29076294
108134304
61732798
6548914
0513780
45243689
0721213
18033520
32197723
0763565
0585318
44805673
1810890
0578825
33562170
12217505
151293120
26667112
44336529
14846997
0265664
55048439
11871469
131421792
154166778
35168028
1247956
5999427
0374909
23720607
22292871
35547309
1351763
24163217
30125001
86945845
8266762
0753870
1234504
1736908
14000193
92889535
28475247
146145771
145166630
38397624
119223249
3157590
22968030
1427507
12204697
18962409
3876266
153530999
23289823
21134078
3720861
6029242
13735166
25736159
58665612
25668058
15721594
130443430
85094444
22080458
19485172
32808001
4582674
51325853
26287975
0311251
21881328
43362043
2277996
102244705
0334886
15025434
25318772
107796883
27981193
2998029
0419800
89646243
28673314
12431473
108259716
124427148
34196967
73204327
1064303
37003702
10947356
1942577
1421887
6957268
67898194
1860626
34781953
165729695
190752034
116071996
0967002
188839368
6730332
26553359
119010178
0102897
20446580
147226344
118847138
24706591
2383596
1150870
58152448
12323320
87710470
3526691
4849770
9040388
144610771
6604025
70609419
7976074
148122766
41999360
1950217
60422571
30927347
129390521
52591001
5831348
14083063
29046843
8819981
30437832
1415621
1428245
1033493
100929777
172628426
16250202
2668958
60096788
23456650
83455697
116607978
24488765
55814613
63501155
25179087
12111608
15034038
0478150
1486320
4882977
114491145
0520787
4101373
7580237
125735923
2275003
0526733
1365135
15765698
23051299
1283814
0947565
81247454
4206502
1081501
114647867
39575824
64887187
80124744
22814592
4958295
0122747
16908394
1224332
121277002
23855537
0918734
46458161
6427940
11293521
62231028
54118004
166222312
25122816
2230210
4109333
108056172
0385392
9260397
15736388
39810239
9648173
85503622
3016799
0262540
133842901
1207998
7719913
4195782
25543183
28729162
26393807
12017906
41904755
7386386
88879406
47173003
13341415
0534148
0206932
50532645
2368950
3361298
25621996
26171821
67777610
44231157
119275941
34841086
23189726
3227375
90319259
148192342
4838150
24716391
1444126
41673503
3622921
82453766
56439036
0064212
105708235
111801635
1363171
78576654
1069018
0997285
37682625
29186370
47919494
0437796
24261535
50211281
180116384
77674372
36951076
54554490
23848387
4680613
131891107
110585870
1429823
104198643
97617687
26124113
180454584
37411041
20147088
1033336
19837777
59015867
133054161
131917972
43186588
14499278
36023936
142377818
22742650
19632919
34515874
0828496
2631397
22529387
27327779
116779044
23854444
1611650
16371618
67889843
29218738
128202513
51102301
0391883
4453251
47467442
21170471
4843922
123599659
9596731
22853404
13407466
24422888
56508940
1049951
164911003
0209102
11200655
5543380
75546648
79302619
99792335
79264571
41102793
22498357
19555812
80735290
42848063
62290485
0581891
2921276
92788545
0206839
74211908
