44719813
89934361
112071004
41800525
0965607
70854791
94098415
52023670
23732731
9337657
66691463
0203246
6619989
4098731
9508143
51941939
6756490
39530137
135386883
1208984
163164892
0153745
0336624
91203336
0291116
112744643
68861118
36202628
14601543
20807853
123724504
40322555
11884906
63455909
110633664
0162341
22010167
0153547
50875678
4357034
94165992
148551265
46903255
69131863
85053986
30350482
2802652
82416997
33349817
71101813
41765248
66051022
48839700
56793836
22029000
7399183
7960051
20808116
38409682
106524474
89643060
20643598
1750882
122932063
1847429
10674438
35439589
0319917
14579070
150298294
0082604
189578627
1754014
113035252
51333896
6928942
23623655
160059282
0765379
4482255
10337875
69387782
29200366
23470105
14819562
22815595
22429732
129365568
75204513
26302674
24551879
39479744
0092347
34249825
19156228
2490471
0836465
120372277
34984824
1542561
1233058
1487583
2678257
169412652
62957312
9173892
39791243
32349800
176334070
100628815
34605151
0394782
9879854
64049264
51907450
26108824
24031258
4556116
17092303
2575970
2858971
34002491
109016509
88535616
53622332
1538783
5108219
0351219
154260428
55892272
107398568
7198453
1157501
69277665
10647806
56942981
2140631
10583368
26103399
1716867
62654500
80996715
54057526
4510818
4677734
10485684
112357254
158569028
19208675
28163986
27726417
0166781
132151851
1694263
60028700
84807278
18255307
5981701
118288211
5476296
25089204
7197984
68009346
1219929
48489648
1563554
86342023
12897889
0652017
100421721
9136678
115440982
34199850
54367741
1401668
73855326
64529591
126575017
70320811
4547776
7460228
131776809
15036413
36802151
99149063
47430465
1660881
25690229
2799184
134916072
23246639
43326538
36355743
7288474
4390803
13780964
2973978
48578664
45117027
22640195
102346803
22782552
56798561
23660851
68906658
4659599
146849297
6696929
0486034
26315706
6918372
1832889
0527647
10355638
22454405
5361562
2939943
90390575
0222418
15662331
24656578
115698599
3736198
133399472
0918146
11195430
22712124
1799755
1313490
20027149
50362657
56422004
22455242
78239210
8726846
87919913
24399599
134260847
152560446
11109825
132963757
189381971
11353303
1628068
93439029
1083288
40820199
43255267
4207336
124232329
0190026
0266558
98493964
48704055
35149731
20755885
81531834
185477071
81354882
147256572
3576815
2006619
11228522
0148948
110497589
24187751
133398982
95912610
2131082
0990082
85840654
3872142
25495997
32871318
22772275
0165374
151015066
62597202
58340459
0902399
0392701
13366614
38599606
21089513
49769577
14095014
31716452
0837408
35030580
29526657
29376702
0378707
20527640
0586914
41245072
57226864
39851010
45483654
116782213
26432148
133493507
17311565
27993755
9204500
0476595
64535950
126121181
99609225
0134474
1663536
74348830
4954010
74964252
0316315
2673740
1046557
26546531
0803076
28951619
0560830
88690996
45411204
21054131
7782382
170891148
1012713
26769843
115866776
87836084
78861665
16489860
11226974
0754560
7625918
42635281
50520421
14299499
88980048
12596710
25592259
60560069
123289852
12016753
68219224
5974606
3029800
113738779
36729305
12108755
20734174
95378375
57656502
65453450
24540032
1143982
42876899
38756382
62108153
0382791
52245936
149618713
115511303
52738827
160435735
0355378
12813082
114617346
2556130
118679533
28913997
22688665
130131500
2528309
50828845
36042898
61550348
0452727
30266300
166760890
0111662
55475983
0326330
17035401
180332831
1811431
32535020
1995645
115163593
0276228
44600855
56021119
89310149
0718466
4437909
96845890
75105767
15249769
7854465
67673203
4645017
0412160
26946282
25978306
13149501
24461445
8829348
20401839
15955696
10808356
58639052
100229300
1304204
22958738
2288901
4014951
4438627
1173516
0465203
134332689
65401550
19627317
0840672
56294809
1469161
1126046
133903712
26833125
1188555
0154317
52038393
173475710
1665391
126080433
0448335
13130469
12686851
11758434
16333473
61668493
0801271
2148320
25158201
64400858
7305046
21228660
24479193
0369700
67585847
32744542
35803471
0232281
22766050
170572488
0988694
40862736
8555723
0964685
4144857
0228849
125632217
126405915
0297804
42663860
4865554
15331687
10184810
84139163
85748022
107150155
52008054
0548572
43339086
126528837
7152435
72887713
71996632
20399934
81872981
164424925
11103569
0369883
25916000
1835944
0506205
0647027
17343163
13502768
24959816
6267301
0534017
100374276
7467724
108523098
83319829
3805690
4783913
87906342
19907886
1279949
7098377
169688083
15281981
8251461
15986921
89875200
130559155
1532079
9961543
58620148
0754896
1297076
109476486
28309821
0139991
2388683
17622737
12085809
131778057
0345277
8759379
6920965
26203158
16387121
3969873
147884968
6047374
36610431
20556513
56699924
53383563
101455677
29704061
1366268
48512080
88422038
107210201
113382425
1887626
128448855
31186377
37511664
3173493
1448175
17361663
85789799
165518257
103456469
10388448
81080546
4155019
16961262
8815056
17602848
22587332
4832677
1506051
3684290
5900916
21205815
5897445
61160448
0702235
15271772
3516090
91136754
0527153
17205802
0589170
104443207
78399909
1203576
55314566
61503830
11964725
177817447
1998346
3807497
148555279
163973987
2905297
19654969
2246525
10707569
78785957
119310233
1882921
9963220
9863311
129657920
26152860
19334480
33638713
1423603
1163462
148551488
24070018
0165498
78380025
51894328
89541014
0908911
26793550
3889012
16457182
13235396
99721677
23052759
17633254
0217873
21296155
22226942
25456882
57327734
36871242
93642955
43903202
11991774
9049833
186665875
87014429
90265605
68700172
51265125
18220495
70305883
70186313
26592657
0389645
55099726
27066212
9003771
1399920
4019732
0553180
30552350
23180986
14975029
53417074
0612097
1954993
56400444
155185831
30054194
103679722
19809550
39451944
46915005
17891565
61776474
20781791
46132292
0602239
39327036
117831762
1691767
22933590
56307779
0196034
0077846
121108983
79683341
85354391
2484653
76782376
18391550
0879445
56569484
154466683
58672420
3713191
0082917
87596172
3279995
1222898
16422607
54952250
86713186
23748843
39989824
0281248
2293784
184082113
0962648
24036724
26485091
34140122
53102992
9182323
26720064
17910992
46377468
63189518
25085917
35608436
66420688
1784576
25855332
15259586
1069062
0192330
4541930
150398104
46959936
14629903
23679607
35037978
5127596
8583611
6593308
134444055
95894216
56483713
37886505
1566307
6694944
85309006
22878174
19286999
0934141
0335646
72351573
10369845
150320798
11415716
26640395
3082628
2936460
1368165
0099933
36466715
109023433
19518783
18518767
124755452
71028976
0155851
3768166
127117709
18865207
7926685
37073895
3651639
44091417
0486165
1431381
7928147
31103325
17958574
12231209
0950846
19871921
53160314
9570071
135175296
62856488
20424726
22237001
13030764
0969708
114848735
2040821
84496996
0113097
6172233
59570076
81787380
147407766
24817367
29008533
1871533
22201823
1770736
106914023
19658463
0136385
24968156
0540629
9481726
102676401
17848376
21920084
4451295
65143503
4424774
85582768
14902485
1876343
113395606
30482775
23174811
0682806
4327215
39373873
5136831
35368570
67866018
29416634
39772840
26176326
73806962
1354738
0328303
0965252
10178411
90260001
0534211
2712636
0541230
2473166
1720211
12596136
41686331
42026461
1328109
69048448
9792443
123986400
35516445
76602522
20089177
32019123
64684884
0769016
2144761
5092635
35994283
56831826
0290416
33338568
108150403
1852112
11292780
24803306
88225926
0524048
19802992
1728550
36247672
26189840
57293965
4913397
89295093
27502725
0762705
72540772
2717196
135430514
161212279
8152155
56409197
68158098
46779489
150232525
3115585
43225150
20819271
9432737
126602474
50586193
0696042
5309789
130311262
18071941
13662539
7717273
0950011
133668602
0405105
3590188
0901510
10753344
5258772
56038632
18123862
58537654
106038277
36069413
12215651
19738304
44886412
0015339
1420136
0595103
4402285
5814690
66108013
0070424
19673355
0669141
117748274
39731436
45204811
1518792
6226261
1267819
5216888
166095795
111907910
1655975
148664751
4558293
0862284
45663621
12683649
0096076
5848375
101944564
74665083
0129532
20719718
82672088
2042633
127879370
104476540
19464220
0359714
20047193
2797630
0928445
153964255
167890624
0201745
0344209
104930198
1036997
12656329
5171374
25808524
6663090
110090901
45012868
86167225
30232042
27886138
22627502
17689001
25271929
96195472
0309306
17475845
1246303
147285547
92436190
1421746
1555471
2514416
23055184
58277664
95982367
13318045
78346724
19275060
2588121
13505879
24600026
43372317
1318112
160626021
20459976
5272742
163217384
74237044
4767325
24489399
106165012
12197115
1662404
0184278
41916086
20355094
1726194
2848560
164922639
166406540
2290421
1431506
2544470
4126453
1490865
66012646
23820108
12564635
40032021
65854270
0293660
3329978
13520642
0626997
24038279
0719139
2871695
125357563
3752740
16823239
61246379
3897837
38321615
96020788
33495635
13062085
