6078355
1584897
2384013
45352108
6761505
0949142
21097291
3344961
88628779
32474914
10809603
1850381
22642088
2978025
12649190
1671906
0432885
30403582
29016702
13795808
33204600
16781951
45029808
1145090
57944316
61195373
21920165
128549208
10543786
3364271
95459254
2536089
19541527
21275751
24147034
2722641
21084699
3077117
17395920
5999991
24753562
84477474
50087866
28542247
148290895
67707025
55454411
114665600
120138351
2203977
88028783
60545989
52051122
59107784
0499050
11239091
3677227
128972061
12353447
7107368
49780230
6296378
1805359
1753351
0372567
4989669
52891950
7414835
23438856
172972017
19402184
84165119
8086036
27432925
0830088
86509541
16313672
8790279
55513445
10219979
75103718
12452429
53269980
0458824
1532604
3059596
136683555
43074868
120162535
13941015
133613126
8048890
22602178
0385325
5676570
0309277
0206268
31959656
8120575
6882594
24295343
147344823
169500920
47384000
5430776
160352326
96803587
0190103
24370630
0084988
63033544
44564247
71767807
81801060
98576130
2420336
29396209
117707770
149442952
19823689
21764675
163965261
133389154
48560645
114672476
96242547
102427736
0499155
70748905
0145158
24865560
12394529
1878442
6673582
25605360
16752139
0879751
63161386
12701243
10757790
1042161
4725243
106023589
57663918
0908967
22431622
27489718
89518905
15221493
0442420
35010347
6176268
3070588
21387160
0531454
95991712
93975392
39719497
45275871
2359372
13460898
0875287
26971615
3796388
18783446
0449021
47120959
25856231
15932214
1399279
43173656
42363199
46278723
44841569
44522030
27421753
2636339
0057377
22664482
0746701
85686686
30940515
89748645
52000546
32226719
2100559
10773877
20745279
15998541
5455211
32724478
43018860
7731215
13400250
29995533
1437967
147214455
8734487
67731086
73072056
105908152
45460197
14340536
2791842
1975285
20282004
40335639
61676042
63021466
1469003
2959695
53150945
164053042
0057327
87698202
3932421
51043445
2267441
6312165
55537696
156367402
87025976
1554613
35308521
9129704
5337871
20044582
4169800
57710764
172857249
96869924
81831217
5054642
50729669
44176065
10516674
124639693
96031710
6025703
28145373
15761553
1484166
25026726
21083315
26502405
2337665
41419987
39450962
51800191
35233747
24796452
63587341
105470128
30658757
1175526
55657257
13149623
0097928
1222724
53732565
65839750
66610414
90395950
5097566
7367588
150204993
1662925
68089038
2021596
171098244
151760021
129555248
108729645
24490488
3417574
35931282
47131498
102437488
48803967
0679506
6653449
49390972
11114237
3027087
5405979
55638682
129814489
27484991
1239852
17790254
15795416
79208340
100356252
1124285
9164169
8409708
139455675
3321190
92792965
21963574
60805115
4217184
32079314
3256323
2847437
2696105
19890251
3005125
118974679
19683557
6829668
40010734
48677381
14302992
2044641
27474386
19717738
114825118
3285003
26856584
7683794
19789687
24354200
0167642
4471308
135212298
37445725
18789417
69304918
165807655
4071094
0391655
32000886
0406206
1358424
20574267
64311507
18257075
2113323
150207941
56737194
5014800
21352095
34690410
26988844
129539960
1111911
30570460
31124026
44924358
13114113
38535733
48038116
9527695
1044777
23692737
129560145
2203379
172236667
1441239
64014428
58607588
5209604
62805712
0192945
5060011
19754352
59045100
7601706
62638546
86930676
38607125
26591649
28423473
30265606
0351461
0155818
168676548
3028325
157642320
34143468
0204136
33742372
19352396
127096866
128387088
57457918
80762381
31631728
42543471
125926010
93832547
1534854
12611033
44767226
7020695
3978294
0020990
34115530
133854588
1309230
75812336
0454492
68488076
1685708
46287531
21277887
131750097
13588928
105137133
3347931
33983661
0330744
67607810
43430812
177903105
70953546
69281762
0271743
47024663
3947267
77139657
181523330
11438070
1091968
1615618
4862994
19752640
1366348
4402892
16130460
122851555
33398577
22110030
5427718
116169791
8588208
59158533
105400703
1401088
166003533
0807652
19294381
5347153
59508165
61185911
0328722
23811685
2541930
90983702
131967424
73209790
45730945
116125404
1381447
99814870
3632937
26171579
130880862
1543768
100821254
1413964
20349359
109676399
3478126
0335676
0415618
30897533
49640445
35116462
22893475
1261577
6071575
37717445
5152212
130889704
23402006
189630422
4353701
108583873
131921664
1329335
16180123
103660293
1334163
52406281
27346161
0818151
64342145
82680375
4657689
3687191
39342343
9485839
14984145
28560840
25221119
6330877
126616000
3370906
130405789
4944311
105788558
65915112
89953611
4340008
69975270
61519827
89041514
12123073
26064446
1590123
9229836
0351580
139117426
26121310
38280077
0141520
30405804
56443889
81281253
0958718
1505177
3965532
38548475
15842461
155916595
21249326
58508767
4770414
0151310
24021940
128869377
69892343
34498916
17509263
19640185
53517533
131578417
31647097
0850763
131028439
0194924
0737663
5294188
12036879
5011739
1667307
1047435
30114016
26960871
52429477
63006467
0005918
0939777
23857718
0657898
166160664
79904130
114821307
4841956
26618287
0451644
142089999
4803781
1996289
113433676
135151176
127788507
0246793
28653852
3380205
147670094
5937699
108696103
56164725
128796347
2029644
53084396
117070289
24915856
140294972
175287656
22632992
0913261
0418704
128200319
8278880
21347254
94427161
188926469
152088449
63848705
56840460
1679882
51857046
56926767
26035883
39300922
13544804
24908381
50364140
77349781
0135721
16434032
117127759
8133615
113580407
88037182
5353051
111291193
11495773
34726272
1659182
16809577
69846587
67601379
45346915
11975137
19895431
24457704
10601106
1302810
22279013
21059824
114418952
25716780
2366850
54204666
0194279
108992360
63184667
1159826
1225304
34098866
7022792
0474289
103932525
20435470
2779049
13297691
38643355
3384254
62659714
19794923
8052436
76075123
2603067
57452849
96412946
96577864
32764997
3741738
3330700
2542703
131153108
14025832
2436203
69551555
6016187
50303219
0016515
32129054
162658239
3217296
26366719
2563280
127609254
0861592
43154066
4065131
2713967
187955276
2889535
2734907
1603958
26829169
2987654
1657139
19293272
1207742
44805220
75416330
26315290
36959611
132557738
2296460
6264234
18930030
24809090
10436262
106481118
26742848
0016960
3528964
4371272
12435193
21222909
85310416
88443291
3910585
111027199
5420109
18193323
29490959
75796531
87961446
0311809
2354938
2172160
1268178
136088109
111173696
63594715
5378462
11312311
3594690
23485881
0167807
55551028
0878233
11664700
0281512
0428428
65973846
180343835
25160540
62020254
11869024
12845764
61941173
36271560
0129597
65091140
3740074
103904928
11276733
93791038
137621036
4234119
12587011
2783030
22455380
28202857
0053859
70714574
19730346
0053365
0794412
61160755
4353104
4208441
22753833
18051634
11358017
44372228
1065379
2141772
28034817
0694331
94147633
43695557
70119188
0385242
51860898
30083411
11183833
11425798
187513547
26847010
45088666
23244821
22116596
15548127
18366868
37177303
178734991
12111488
0726852
94349534
75475888
133348577
17856287
47293448
37625656
31420393
124969047
106118027
148099173
30937268
107455809
1066425
129413054
75340737
1836603
62282197
20892681
35086883
1935301
4797198
34101336
27136170
12715691
1265027
21219124
5268326
68931124
183383358
0979248
15231535
1483360
3847467
29028004
115415357
45449706
0805608
29467128
155916406
8761821
34896786
0135720
131253939
107478994
83847794
7449886
0516728
35000509
2331130
71301470
96392538
1787342
25199290
28643054
1496027
2378619
0462316
68866411
2808030
24593154
3010362
0225020
7048176
32182079
91801301
2283956
44631882
27470816
122150236
30846046
4635303
57687024
26517532
21100617
0591150
96050945
0116020
0113422
30323754
88913493
11837118
25188970
0129513
110202306
0185541
106718618
174466675
51404503
0146676
24686596
65358480
12454368
28233245
26782619
22143554
76431547
75952243
127226840
117746324
23621558
29591134
124244501
115655755
78002883
44311162
82816109
6669371
63355756
69207573
42949651
11395106
25556191
4231606
22351783
1906746
39108757
0087033
12146953
38382801
68688995
1231696
2147784
6309355
3682274
0150929
66960204
59026301
29539792
46576146
5259375
4506876
4774937
110553815
95003727
133063948
33470712
25519429
190221582
0906964
11615728
24309724
128622875
28618088
43074990
1243112
40554613
11273736
93180779
1921447
20161110
6915914
28401393
20508125
22723690
51083338
4915933
37311993
0322329
89172238
2031355
3460156
37346685
121967576
2620889
98348415
97495085
0223692
20747991
10902458
59763767
0500830
114856159
42042321
63372588
110003935
27517815
19637664
98989589
0392720
1375344
11251176
14649038
22443938
12423478
99803873
26852007
124584430
4437398
0592531
1491938
2530349
5729639
102201276
17256251
111587735
19126778
21241804
94591883
1643220
45082538
4367078
10879078
73668075
35120589
3412729
30809347
30245478
10128259
101281143
7612085
39785150
27714129
52348579
79207976
37274135
4627372
1360338
19398566
0055485
27831556
1819184
