18841818
0536018
23952614
2505822
123913053
65174992
1024043
3963563
23163089
0838984
18078377
0678343
50920227
94812624
28779089
0516183
10341319
11566980
0187640
18177513
2153419
79860091
34398432
20315296
0974526
23868114
2239881
90114243
0556711
0559525
36216500
27452366
181762247
1122647
0643183
14700499
0938731
43350397
46813373
177954632
26439377
47448802
0293701
105067701
102989977
17977054
101381109
85192137
98379283
63111763
116931933
59996737
155314310
17529571
2657975
1840976
57416059
106585587
13893716
62706626
2964064
3941890
94984345
32180362
1496007
153458871
16927896
0950119
38124603
0836265
27186984
7770650
0315087
16699260
23203335
42022911
8240126
101757374
2231293
26962699
3497785
66471141
21324272
0420736
90263624
0155386
39682889
10210572
0635130
53452363
26566314
1371562
29377569
28429782
68203238
1599805
78142768
86449520
31003753
54517089
4473164
0290679
57355914
0197724
17802573
70319957
23050092
131907228
48309907
3520200
1904366
48334591
44672219
1315678
1068972
25014925
59627333
59776988
3640454
97249041
19486149
0539387
24687620
28029489
115270761
40493940
30304357
82337751
169090261
2860404
49283641
1514106
127279256
32939755
82936063
145620825
28676808
22055971
112872595
14027300
59367163
1996145
3626145
25676499
149578246
20097575
0904831
2295503
17905454
0118934
104212701
130687153
0778852
107236423
86577407
114706926
15353912
58272712
92270616
2430711
149468922
12568341
31464766
155634493
4767280
25421715
189583300
0396404
87833656
0132240
26790807
28294214
5367730
131982590
23083757
45874073
21270422
0618783
126782276
106105100
2782718
94682785
7268027
19535221
44872436
0411633
11962957
36872391
0646582
170534623
2271876
0856530
160402809
64393582
25526292
73186974
0811818
11344991
0499691
22171966
37643123
47992316
40535366
1417985
91525484
13242942
45346642
2386973
2234991
48652963
78417820
1657397
3405490
11946334
49130004
81028603
98670017
0392180
24898487
2390872
2682665
21416435
54870581
102675729
6340811
13627251
34443949
25963485
3658173
19693429
24453156
143181603
0796942
23611175
38700151
20010568
58364500
0291311
3005863
27611143
5964707
48485514
5316169
41964473
136374757
20582793
4248977
114086803
22089895
3147986
1284280
10878988
14274393
129645583
24323511
20358667
34568590
0250226
7997526
1888801
4210781
44984996
1475167
2955973
15346254
7169598
37688824
47025090
119262299
2017261
23497342
64868075
127196249
57159864
50400581
0174902
1826481
80127006
119401180
41563979
31445327
24019795
0243484
91257518
2510852
116149170
2707735
126101995
65673698
1218859
2248099
158070083
21334771
17275222
0962442
1826405
59575722
129830538
18431332
145310474
17824420
1235030
88490126
16879254
24433020
20520238
0775928
1619514
73271752
36777432
130029397
116978428
1232143
50451815
1760547
74933647
0557717
24935773
49378510
1884227
165076109
33587355
113954212
69111927
3311151
127472261
35162458
6939286
19980884
89247408
79315162
40327953
0955715
4206819
0009833
56417057
21962932
71717602
71723413
88907011
18554845
26951044
12846550
55008523
130641221
68450994
1102290
17965926
67212380
2457088
31664129
1842409
14916353
4992215
154101385
55489484
0105254
18371749
9943584
130938412
9223281
22921892
24776522
3856333
1647017
4575231
18513190
51997070
55871773
24065170
18134882
47142541
5058545
10218793
103601351
79355189
50266446
11081658
51995722
97594909
16776590
21258634
51585862
13710161
39055335
25381729
91245756
47914174
36921929
1768326
32493784
119959637
2360644
86718320
33040677
116877885
37514646
0005769
49540055
47571216
5765126
142904028
39601883
14073407
11569384
19544028
92073245
126228222
16859928
12068063
4397045
4313695
4892912
114364433
52451894
6887536
54652214
3769659
11879070
16350851
19688882
21914356
3898903
0119770
61165747
74945352
85802235
2885558
105872564
118874777
187939289
154700641
37613348
32565842
149116599
31218907
151520359
123045930
90611661
5709944
10844666
24643553
2533227
21193872
104551624
48276032
1236835
13507733
20157234
5437507
120501832
1312270
65155526
112399747
39666263
50952778
72818984
48236895
66506625
5359883
11006548
0489618
33907673
80388571
72771576
1093102
91242627
0332674
29586194
41621406
6635404
65266211
0410469
99194696
43547285
101319896
4430249
27420808
18645734
40070691
3012317
25065687
11082863
0093527
0806806
1163819
24953443
9508321
127353244
9359347
39467468
81741708
17857136
27587320
0137066
62976989
81498964
105825400
46526894
2789766
20873703
26431446
16887546
91034692
88969144
4042918
7692059
40236281
123053583
127380557
4498989
86072566
57661384
14708033
12301013
0167156
118678346
17778626
98065483
106323189
156940358
3052763
148561617
28838690
4609782
49399731
5047869
47373489
1546991
24456631
5356487
8050787
0087607
43314001
118261971
3921337
68291384
35555261
3473439
13310473
77361817
69245410
30076141
129042827
58133658
21559319
0692602
0229294
85162869
5945861
148558458
31995982
53968592
21300612
35520912
134846676
11408391
108895983
152829693
84558037
10234336
1771339
4396666
19048737
124356786
56258711
73211137
89657030
24859209
39441084
87801081
74241012
48719141
78615263
134359580
5795686
2069716
0403587
21160404
1691720
15634148
1545198
39506575
10441347
68430481
147231401
103967391
43307557
11685222
170465680
1139822
0692156
28496077
81191101
20813613
47007688
109267958
72354104
0244317
100390004
0087927
118850872
4138701
164370885
151206799
83566043
112810204
4911400
2047959
6302509
23867031
0798536
79204999
0339915
98945179
1696365
39259790
98240498
0128090
79365591
88993375
22206328
47061556
37078333
47450826
0479198
65387820
32700906
117920649
28852247
1659050
39194743
187602123
67071654
126541854
2310309
23304172
1026039
0798491
128765215
1940654
76922673
105335399
79661909
42304216
53388186
1234684
10043927
91105066
4695812
189809070
37892465
19627552
31996741
15171757
60255130
1110491
70892873
12630234
2674456
152992967
24270201
2310276
157539681
0151790
22601422
1829272
89854920
55701861
7552426
0587683
19483074
96370351
10386207
0970675
42937391
188922848
11596621
102379944
13954991
69471436
4590703
52948031
0547440
25163219
95934592
94431918
2834123
20483978
13054068
151665117
55482046
3422283
1748355
87660860
0644784
26000979
46302475
101655247
2679250
14720156
8044924
134940151
117729606
0108305
0374975
7917311
4502302
2674370
156005057
23492758
20515240
178717384
0243504
1120918
62402394
63006949
100459260
47650289
60491542
124752594
63881775
68858214
7233664
0422181
17892608
18382463
24542454
8247510
0853429
14110111
120770019
155121090
26499372
21365480
4571978
3241712
4226873
24037182
1169045
52498144
56685604
3059293
4235845
6091828
3307303
0606177
14497550
4211064
5327402
61555888
1948784
2248467
5992254
57321744
34730519
148166204
15994817
36323488
76356683
12099167
55298642
66065198
71871748
39450712
1931604
4471027
22954764
36831157
64577181
125049578
26908509
10288586
20047343
141471283
89280605
92946804
28294451
0391566
2933273
2736171
2020049
56538289
35358318
0786306
24972904
19971278
26705364
1297386
5239877
0441742
31110822
102815384
67926030
38002533
2442489
42304582
83065179
6548490
4613722
46977488
70087048
0777721
0174950
23988196
88407318
20415934
9739333
0127031
20120754
11585518
11916477
17833179
40973138
20674593
45848672
19031708
37471507
3864329
0077434
0885875
82824625
0407960
52901282
40211408
0178308
170204808
0300816
27389760
31026797
18487568
8622370
1719958
154606618
4283654
4394322
44810903
7258959
68299447
18570541
2959059
22608275
1482989
1771422
97952745
0135068
1618511
148734220
0173261
102721081
0803134
84421527
45270608
0450002
19511692
51724427
9595574
1335503
112797228
70661417
90785248
24379689
52588490
2021962
0227965
72693606
0967740
0478766
13420221
50180847
1893729
18642452
23756445
3640580
18263718
124634636
0045730
7879729
80577380
38321321
0991226
0168850
136928180
62418692
1039457
5284494
50258564
3145274
70760000
0709282
20576210
22227602
131170149
23793103
1166648
29207666
3655790
69498529
96181711
0302361
0795288
2516937
151717399
105419275
27910111
112965665
149795945
2014889
156634869
55865177
64793884
0473416
40493215
22290589
133174952
29674799
5741567
48073804
93969415
12519912
22827053
133058434
37075333
24331768
24079685
49774439
71170382
0510171
14528848
72920884
118466422
44096330
14711012
4763654
149602727
14398602
3920272
45749023
118800028
0237365
67457605
0950583
2139905
116588655
96932036
160258414
118639822
11916524
53399172
113776611
101451809
20637096
0468294
1529302
62417210
0237241
21628707
39691184
3673895
15538524
0582290
11904815
91764806
94745720
0545541
8565440
37659127
56828631
0407672
71614292
0090592
6587560
95295013
21187165
68150334
46302293
9472842
106775140
0115413
10477303
1769339
51176237
21910212
20139919
0855231
0148337
151042688
7208437
30232182
1254891
65045206
1831746
143865215
116040796
123895393
12720448
9924281
69946382
0867063
22679769
