24212733
13999414
14878732
10257471
1367786
48462454
0437001
0143312
6205072
22829765
8079814
44874347
17158276
1489662
113578461
54178050
186825820
3909898
50984802
8673233
2337094
0568131
3665433
62353058
2830669
1537778
70235556
130176049
0009663
127229375
9471726
0123856
19525887
128530781
53489305
3628475
10181491
13657483
21091915
1318484
128438364
0293035
2196669
4083507
43374453
17212661
2982521
132578001
57444904
3243666
10354280
0275126
80671581
0065097
0963847
21285877
68220067
1500133
58091712
9266550
17328817
0204528
16895310
1436420
134871554
64620234
0832926
0248465
2946739
2780543
0085354
23560302
126889196
1436412
52530868
3369390
4942975
123160938
1938276
90837677
23990121
0146564
28632081
22612060
148698830
1933465
1415253
110190394
60444591
56243646
57498040
1336051
72235821
129265931
9250754
11337561
8617035
25709201
105617842
186825475
0337050
0245988
7650400
0261837
47036387
0741043
20214815
4766848
31787489
0377730
7906546
2467064
22779575
58983234
5730740
0542905
91847223
2502889
49400835
68565368
32972602
0722789
133475037
21091861
24506293
108265633
2775597
112093012
88758935
1183546
5991768
1621682
20910356
4594830
146330114
61918303
3661118
2255617
2166777
2229194
1940603
116279255
20834784
88874841
0095587
68898541
83446149
95620430
20447990
0200159
1332442
1031439
38132782
76832638
183550508
28992717
142821276
2939689
28892811
122105394
103965325
2040206
35067858
24181470
68706930
6730841
5954966
22786506
31771375
24785808
118990491
1354120
16712953
153686186
17444295
15403153
61973170
6841091
106348837
124473693
39677861
35224603
1071836
125107523
114627271
0256243
48427941
61562618
72246757
76099856
185548255
5335743
36521282
183572815
10208508
0263226
1086503
0318354
23885714
109852941
103132830
106941464
0974639
78558809
0378321
2752985
72493569
2914927
4062408
111187779
115048313
154043683
72178362
57969456
38423794
22615961
110613987
60079790
17436190
21298517
18133398
1107039
0979226
6916517
20360171
97648603
5900695
127238109
26061586
120061487
99885530
36202465
35624940
24432017
6996020
153645787
83450531
115227177
64645660
0645759
1490169
7736953
126108373
6665749
45842290
160523267
13726466
0791434
3927011
0641521
3925693
0232649
34047507
0495367
23140055
34773218
169323041
2602649
67778078
13916457
23637515
30416749
0339948
9170286
27016922
18062841
2045598
172656374
1493052
91944912
27593236
0835901
97399337
95782716
26116648
132086597
8402320
3317905
0889196
100389096
75230173
44454491
51906824
33934736
89147299
83024515
7843296
61702872
0911586
21186690
27504026
1058473
102491770
2908230
132031786
24051374
40979495
89857763
133523134
15723750
65424355
51315639
167874807
0521769
65667612
12978485
28224024
20893210
12020521
30819630
108305966
124795888
51360404
2306023
41865253
76111216
75423090
0994257
21733202
60498613
24259432
45816999
21054331
0570738
88493042
9763655
128043732
117043494
17438952
0558789
1977535
3368939
64497616
128579677
57772760
11431448
42722906
148567598
0147878
3134117
91614329
23065822
75362752
0508402
5430247
22074254
133709001
1768386
2553434
0294225
126444962
0224191
0331800
31627062
0933275
2367430
34852012
20162363
50782912
44002511
7218699
61863411
103087179
7960643
0242725
67818739
44034456
187521323
31154716
13501568
67847566
4194362
16163069
159123667
3495787
19799763
35745384
3183992
101138121
94081715
121184878
147488308
0192023
124774993
67048077
169412658
20118939
14801363
94898603
24079620
15693094
2201448
131905510
11733401
58343189
32474165
14395395
28701948
0428858
7751514
16871599
2928358
54849961
101811347
8123779
1340950
1956481
20385787
0642167
0269797
6019102
5698817
1605880
2948593
107924257
5110138
2188852
12810651
0241111
56801091
11601912
26992578
7822076
59476907
28640599
117815295
0093826
33318487
58200681
44657755
122362962
127670100
0654087
66599034
47251211
4148293
27336816
0326837
1155862
98466536
0629622
112072507
12485069
45278513
41602484
2151659
27893218
12406803
17455713
70113619
47368842
4690461
0025991
40334238
54550999
42736851
42414764
19731912
16254058
4479221
45881361
34241208
4885452
1705613
14399324
61443462
2325088
4810496
44298822
49208913
77115055
12919175
5197507
19714012
17061942
40651475
6019960
3678195
127569471
0120923
2467748
13975874
0092367
1628464
1392577
44037683
102313233
24893438
22237703
79274629
28048935
13407128
4547617
27865190
58567140
10007984
2699645
23796649
0474103
170147647
15362855
37057402
1782228
63884359
0733019
21098637
21201336
0148827
4501967
1615844
0489763
107506213
83517643
1824948
23469749
45776206
1293125
22536386
1742643
8792374
1002224
171470033
78918520
0949925
4580361
11262527
2733768
3891706
71426052
31328960
26401041
130683326
168645068
70428672
35997296
1865373
77487603
113772605
176391421
148121834
63455092
29819090
109556130
20412148
1164911
0328269
3192976
1591197
0849289
64102804
42905150
0100879
79476013
22336035
7450358
0571590
4936024
149241012
97352944
17768431
32466096
1928003
10753515
67545427
0134905
0635114
18846842
10462905
56277738
125779302
119849983
75379527
3643620
77062167
0354354
131708142
43612035
29001461
1769275
4194680
14031795
123255242
1431412
21139670
46775992
5872544
20293460
57916137
10824030
0247926
65325908
65393139
22105282
11886909
32982561
3807173
119659636
92225324
126250690
120052382
63978392
0584409
4916433
84494044
105811017
60147281
13085733
55072796
1050980
0126461
7063870
5656782
4091719
129339904
118180452
1638295
0187280
0875348
54737261
0234628
53696512
66517804
19666491
43218779
127022313
2435647
3855223
50081315
154978320
187564630
47100932
1051445
175484477
6052564
59519922
46738877
7970869
52762397
0955329
0391959
20153101
51611562
0620705
105421532
1429911
7293467
1954227
2046264
4312544
39794397
0245925
58874288
3940799
0633243
16688973
1446608
9298500
16652974
0351081
19794924
2779948
139201827
13864314
0488634
30228681
59339252
72086362
20389202
25014896
36449120
32485744
9154470
57324049
12962011
0315123
0202290
2121151
1967245
23917744
39648797
22449335
124770392
43505942
0382726
17761981
2975475
3511017
32677700
2955894
5319394
58014374
109594946
3767172
10462518
6020072
1970375
26974600
55179500
8197091
2643171
2202787
27356049
2313815
18035047
149535854
6846958
87882291
91325324
158333402
3398344
0191206
55837517
117574551
6338197
8353818
0622864
10450138
162525962
41599453
5544630
0270203
20774295
148561009
28106970
0272632
104696809
38990739
8931028
2330106
30636758
94350412
82645970
39208353
53025543
54891940
3406885
9758570
9640840
1290657
102596639
27408985
4814707
0331971
25157350
0503639
23580791
130696524
24058983
42251628
46367674
10411838
10350505
2993049
38317438
0561594
20154603
0102615
0177524
0823841
1143710
1709886
2296825
2376372
0395954
132234853
16736697
0385607
10669963
58911597
17815198
2595225
17892068
2273943
36863705
0920098
6753650
0775210
42555347
0645286
25276570
17395947
12498784
22073493
52678851
5189405
0969544
47325037
50483691
3477706
126890138
11767376
1190869
107187580
34488354
16336403
66944188
3766910
148554017
153521567
1929797
117703046
59927693
60931473
66477500
2955724
106475857
4825812
0794214
30318041
107427054
18188541
0329739
12272603
16443599
60190079
61799210
23240045
33693994
42896307
4617538
106388875
10760872
179492295
8385952
17022023
22784486
2966890
3397276
40151718
54852096
70036265
0495426
38388985
82193219
22697419
8318360
23961913
19179238
3548358
1429740
0692687
0088768
41285353
45544131
73151730
1897295
103407398
129092630
0173173
17775464
2501625
0392549
0546887
4540323
67360456
81737566
5360119
35409327
28137115
8579674
2091061
25480669
102633620
57514663
20489745
123801446
4790545
21192355
52208065
52086674
23921781
69094703
48168961
60423860
3993262
12296814
0786506
79460801
20704096
57103146
111129375
10111756
61342250
34088645
38327844
26574802
83960547
12429653
38470188
131491545
2972637
9320339
1420160
4070516
22699120
1215511
29358958
125101706
47257082
127909588
153115544
0863093
27749588
1096300
37977011
157297671
114892131
11845603
19491560
2170604
4063179
2625470
0203890
16741329
6428718
90798410
29656539
79700869
0146073
128214795
26306533
48587966
128599891
46312730
26315022
148567354
170520009
3468752
0527589
29754127
8083997
7282157
38693990
4664616
132093036
105666240
33150978
0355122
21889225
5537487
11141929
2930563
13168975
45049256
29418186
21753301
101697549
41030987
107794762
25904796
6635997
7583391
162568914
55355932
55539933
72774987
1348154
0823221
0464817
12895995
67941871
1348341
113526537
44261895
28668087
66272042
0460054
117754547
26740752
19669890
38258032
114737968
0059684
168345990
129426075
32216789
1592694
84022281
0630236
71648524
1057975
64772413
38507026
19382830
1845667
66945126
29264512
20178964
0106670
1591610
22598228
153963470
34937655
112317595
17374174
29631484
110245024
57758734
10354724
59931210
