3896416
27148407
12809643
38408077
124221572
3946888
49978392
57568762
105021898
2423531
1623123
22004615
0175270
112347113
120145389
4600469
1772312
6247621
64472881
5180500
14863175
56323151
0200691
79740861
48072282
111182753
100096135
2821063
13090047
0331985
0299929
0031647
70560544
4397745
52358083
5190876
24611722
0347345
19692296
4043882
3145988
1807556
9293038
1268816
3904993
89554510
171900992
21218818
46402685
78213713
67357090
1875328
58561998
148092252
1690952
84126673
1907898
25276667
86949134
176249764
58128213
30886579
0799023
2405111
3160688
0281853
90739163
2425985
0522359
3715857
0580213
0832464
88383434
38782118
163842041
10470951
86158620
3832301
13715377
27351737
64870399
1596692
16529725
14829829
13169201
21880651
13703967
1810051
1536000
126888395
53748546
35354692
0527576
0419478
0454691
61206453
45268572
0766606
39545453
2726998
14221173
94980770
7577744
0064043
63233151
113363985
10423935
37615734
148562042
54381514
67075757
42986171
87689283
59518683
16389496
3576855
28974484
7771395
50349141
50607693
23171501
0304631
102430622
20882744
34561214
0101003
4370538
131652643
0568658
4692660
8160890
26004337
29427944
4731393
22183854
2063441
9230296
25996801
13603271
118785145
5264422
27116661
60813180
75275866
13981839
161997268
34095058
1203820
3076980
34938654
47736401
22132772
48266515
34624025
1235704
0086890
1332806
57502146
51344480
134077054
54458746
48593109
80181995
25775215
12747614
29110808
31714014
53263688
1592650
1473199
191179621
88907303
143037614
0104567
69314221
23035446
50248173
8954807
22547080
2994191
1795495
1970323
67078267
80300567
36858486
65399323
40569179
13833558
112656940
4653331
158800906
26779916
106283018
30964203
133120390
14133469
0270745
88863070
1857505
5113429
1301246
0730124
43247521
25328616
16662979
0389119
3563675
1527848
23430945
7425510
20085575
2453825
13223958
14971063
81725360
160085837
1598808
49216376
165867074
0236531
79371162
1316653
49875611
93484732
53762746
43838125
17977372
0592950
8128649
47301338
38706233
53403649
0270381
11302611
12028581
3224260
63638306
12954489
0073325
2494424
2984072
6929395
1970468
0862506
0673309
15886344
19738042
20702609
122930885
63041709
115109602
117844058
103365019
1190963
48900539
4158926
12822793
0300247
39994145
10165378
2656888
28351735
16386964
23648860
4779400
22966909
130606340
3388438
0181360
0368351
2351408
5308451
104393893
1666735
124211883
0858542
1941860
56853977
1252237
14059497
27825191
10981753
59174520
81275804
6606889
66704448
13468567
23349327
19480132
1697145
4802666
23298692
47757742
134909526
1293485
1700642
0285130
98731341
91335907
26122606
151570491
12012363
39745433
2354393
5912004
39483785
19084766
2634552
70449541
21391900
2101566
59731409
3078261
83579600
105258371
20622334
186072342
60331583
8495126
5499123
0689636
1442574
20043951
6640195
1556904
116239780
7241411
18614570
63583210
1703767
57831431
19730718
7096043
11930782
2010304
20791905
53081518
4260184
2063379
12311869
115939836
0534782
15886325
2507933
37663891
0719044
14612407
0063042
27180368
0089164
0941860
50618560
13517442
0771280
117723725
50246482
16839649
2178802
2655964
17089594
33199513
64215680
25660997
38769379
123468868
11812861
52112317
2611017
33588275
1842350
27497915
0312210
13437427
84123468
39501992
11787611
37195584
7702320
34168827
129370749
0748760
65883134
5606265
125041912
1192396
22545254
0161940
1529723
114418731
2382577
0263589
1375287
66492477
1582493
35608389
152682596
2089051
61129877
57953445
18648753
20143824
2949730
78821537
81826094
22463093
37745122
0392510
4571198
2193128
97450460
55423033
21327486
0267168
152235967
1488552
3488076
123752353
121872292
32719072
14090066
58126111
0183365
21083068
23228992
11841260
90750895
15550491
53725953
106592500
0382108
22175152
0749640
1497327
29291952
130250113
3656525
2978564
0924126
1933025
22860551
91075537
8745389
0355839
4085825
24506877
51857306
42830397
2584802
46501567
5384380
183048011
27089368
148565326
1915690
1923424
93321019
12873518
9557513
18350109
52491313
127708973
80164411
11320276
118534305
2089902
0097736
20820768
66155439
1133600
92397890
15859903
23605316
2361142
1737300
43273502
1830354
0492459
178731131
0276006
2448156
23882259
65285719
28088411
55375260
2152616
14961602
27525651
1042596
28832918
22560637
18000748
25254503
22564338
2957626
127233022
1400671
10247707
12913768
1482584
65819801
18246706
34025999
0690999
1982486
4846434
44137182
23940307
36722647
0680065
53894613
15878544
23347488
0466605
23880445
18650023
0170212
67031630
70253388
97804982
23975029
2834358
43544732
126822657
8091866
42868745
27281348
31844840
8540220
0004876
155932381
92257299
12084024
1727899
62896126
64357065
11616466
44531820
26752735
67833102
51857885
2268806
9271467
41224821
115983050
0156992
41095470
2913438
1231409
40409916
0264596
4321097
124572104
1290195
1685972
56937070
29617732
62315310
25617776
1960361
29874496
155139908
147931485
0844511
135589350
0328349
136469273
0132068
83858013
1019056
23472387
25784579
102277295
0120164
129821937
13496301
6799465
1235671
12673233
19878720
69652526
0597309
162836520
163887308
16974050
102935740
23615112
0581326
61112820
81972572
22882347
27388180
98703584
94258974
124522264
98859129
39441031
28638406
0217227
2856329
19697518
3955958
100123819
80319105
15994345
0402139
51102086
40979376
1210764
165682060
60601397
7137570
4998529
0194919
11427115
109158796
20973386
148559820
4067035
97991430
29398351
4952388
94577433
44584401
114329873
13315258
0268850
25222688
35153939
33116066
1744931
64488161
18297642
2237767
28328026
40539230
9575343
5502418
26304396
3265418
0063265
6621481
67860088
2489997
1228210
1193090
23862059
2725774
43328219
87793930
10130471
0403904
129996883
1165409
4898716
0518591
56445822
49450733
17987061
2199552
1281837
7841208
12982488
19471915
0608466
18249986
7049646
115035091
113620347
77681758
1141106
56679325
1060857
119939383
92581454
2266951
31549186
41958073
0969333
15408962
82482609
12512997
20890339
29918175
18354297
150469731
95004975
150176550
47792566
102484578
3524860
3273996
171154906
1335847
16031827
30959212
33710256
10672600
3389607
3510311
119047412
88297142
1888020
48312571
6693124
0405649
0642632
38103989
1869359
1061889
9220701
0045914
111893749
1121152
0809990
74088823
2472322
14979963
22628709
49536656
54535294
4940784
0937953
106641918
12156047
6836334
5857673
128078480
54258628
50077788
7942932
168830426
0868142
3133340
20597848
123344330
1533937
5021319
13895927
36166631
84072934
89190141
2862626
1455771
0396569
120226398
11118710
0185094
23846232
24516350
1412706
16184705
7854942
2424075
0810887
0384914
2077023
56593371
101013654
0890895
29391321
1159545
156255670
23685386
130641959
0596605
136199404
34284180
18877124
13940025
3529415
0297156
15775031
5190241
132764653
24579462
77837646
7131890
58691029
19062480
96332388
27424018
79316708
2189949
110482359
98704077
19553662
19449560
2501902
0834426
7128374
19758563
22987419
28794217
101400007
2462377
20800476
0175572
133998032
95780427
4419805
26191302
1162901
0002953
30238153
23684659
1725854
83336191
42227507
4694988
0467553
3034634
3758410
2389868
62631021
2264871
8622507
23146323
103570633
1874653
117226120
31181355
57586262
19883452
105321216
24841384
20469165
1688095
3494579
0512695
161472416
99443355
93727132
3004533
0094389
132038881
126865725
1425588
17632688
7617524
11897061
126297821
160938287
23885739
94678307
1401738
170293524
16724040
21324424
1418617
109411410
53122104
38462482
120373269
3388256
12249550
35499141
11063153
88896465
104906345
40581935
46698398
0976009
36847418
5907211
56905469
6493007
14062232
33465207
80451063
34105763
4456861
128462828
24957944
1722967
128963469
26393554
175445247
4342401
0151110
32745662
104802989
0864348
47945439
40840917
175599735
70269369
1436198
1288321
53211160
3661606
27962736
83215302
0346415
9297937
25803506
13393377
7243054
5322006
0819824
81736666
8197869
19890163
117097528
5750535
58227129
47898020
113876709
2829585
25196271
18503015
8135191
123033217
5059554
0100981
170286404
173313299
6919198
29640609
89572875
19988299
1267195
102428165
2944489
131826728
0172553
93697816
19682489
58645995
23533944
10216899
9557126
16633923
23511630
2455598
19897085
1226575
0104014
68813225
8237039
5889294
24825727
103642160
1081118
52422462
81835140
128609874
79278107
13733413
52076887
1812051
151702899
98100059
0830763
1962252
1310548
47558710
99720373
94119046
128039619
11953358
156559222
1477815
0838140
150715389
23733142
39062394
8510040
1111192
133762534
3684303
36419357
0039261
3681455
34868318
158882112
15188684
127684520
102876636
21110835
73380514
4978377
120654563
26320720
1224804
20329855
114929336
7026437
16251645
152852794
101769141
69071820
1178533
50501403
0730831
3111885
2110941
25477819
34038414
0218604
20099459
