17406914
10487376
60758209
2280345
86945516
151656268
32561289
13195966
79341519
114659383
0806243
23192136
153089175
9093679
150544348
12375029
1962066
6740777
36339038
3039733
93532322
21675109
73624164
22457609
3425271
15811935
14420397
8201177
14315316
10986263
0160653
62006501
3016203
88447469
0774074
5872037
105474151
1076041
45947479
0179384
16481450
102227981
150002229
4696074
5696166
103468838
19197667
0240690
11636943
0355924
1865595
10115534
0499465
49897136
65870456
2154004
2100623
1842476
10619429
45036497
20056237
3662567
36067301
130497769
133319309
57423915
45454676
155002987
115973193
58791362
32359000
22563365
80623013
86635941
38544085
0092330
45176414
1437436
50266154
6041608
23688287
65195500
0598519
26547424
29144131
0580353
0212564
43636002
0172017
0543205
24559097
31498704
62881884
14251208
13843038
24854702
1666596
8058463
65587117
53090294
23197072
113619045
18686730
84663238
5846423
22076573
0385201
67417569
150081673
101474028
152237837
2074459
67770761
0885333
73107990
0959455
10125479
58192717
81598558
54723627
97658533
1466790
0081997
0797392
0975530
2967127
0520635
3149019
63845928
50938027
19588192
27708126
152022730
0150997
21210042
12083143
23979844
44232471
46154837
5125101
2397558
53404906
30391196
23567642
2230547
48295655
34848640
19466637
19510578
135644364
31179185
11410868
86881718
56246137
98218388
128790770
153608674
2555696
1478359
12358994
46836174
29084991
45642698
87298833
1167702
38396460
54429993
0401671
44904090
2245063
4327936
134635164
86138170
80001929
35149461
7887498
105171587
4410948
25193437
69253829
0361178
82899286
28971466
36853782
132811955
36973136
0526369
36646590
98727287
22974245
85084211
34998489
124773357
20229137
64204636
7242945
14271186
6915226
58777779
2933509
2193329
49164147
49345337
93737965
60360619
61999798
15086250
36246296
17129745
19978927
81019630
3017175
4905074
118745668
43015230
0963464
103895378
48941501
1692573
0367179
77526339
0097753
47597631
115235763
126945893
50578507
7296087
79234416
2157555
4281161
2948497
5764843
3110937
2847083
22217974
43110033
5704349
4010843
13469207
7899466
33851085
84973370
6016552
164538274
124079338
2499930
16747851
11127331
18376774
24844868
2143753
80466482
72182117
13241856
2183600
13397926
23737935
65994073
0090175
24937954
0822075
112449038
0012098
31723807
14948284
0439793
35208303
146533626
11442266
168133716
70860010
50609182
4018436
64977157
0613223
12585198
0281929
43367989
70647709
34089128
170624401
9864435
0357518
21896076
95420294
24775379
59822726
47163471
2441259
5840082
30091810
42208186
1283560
25678958
5230486
2936079
115181007
111531235
0098913
63528664
26763161
56422027
118815782
1513012
40371810
11297606
1925941
22675618
64468113
4898342
75122571
4503997
39999241
12660987
50583746
9701464
1787578
43238235
11949921
16274260
68670377
0354885
23402740
93270030
42872253
19773544
112657298
0188573
0214540
3696057
76694782
86234872
101649758
0093580
2418211
19696771
1396168
38797443
116793725
69626683
7939202
85251706
62395866
4172676
1665385
38405018
0484482
28208228
0929046
164889851
22813614
29585568
1572821
0098722
82688561
1828573
69270793
42057128
126145939
9585701
0592729
1519699
76487120
25559254
62135921
24544790
2759726
5790532
32796562
0078192
21259048
148013170
31517628
20214278
36254226
0710185
18220218
69660435
21115621
3812019
0340519
148024261
60237825
10309579
0614420
69369449
80691527
1926770
6619081
30454112
1998101
33025396
44756990
4861739
131462595
4589575
120889707
26352103
50590985
13402328
1673306
28259137
14683406
112035303
12393604
1889674
126058154
27797839
0146729
126553596
1577474
1367081
0297645
56274067
4241880
172975187
2759100
0467019
1196964
11299140
10063698
46479320
4431138
108632845
151914443
3578342
0425804
2346377
22533457
22883232
135332352
53034975
123204669
112431837
2344212
23908148
124323974
1191887
24975423
0437588
2025740
91937821
114692853
19906506
26690200
67360083
1396200
0641912
109053815
173622813
102396447
26259100
24754228
157341324
53485811
0017446
7143771
183831375
74588514
19040675
108861252
1391300
2191111
45723942
102520215
24958195
152836814
34564324
44972733
24007983
35700713
0139267
141542368
56366364
7153577
48740427
98269721
101460772
0631791
0137814
12009491
8998988
2462015
2769481
2739712
76987728
23908298
20546932
8723817
45935244
113291624
30403164
54442596
0863009
60775567
99696626
11749472
147299872
0077225
8994875
0189749
57688898
165865593
49334719
63873620
118798773
2393917
63129547
106180911
2215683
111855689
2071976
111080438
1412655
8799995
2255324
105958003
122868382
39559866
156966853
32982372
113603428
77283333
112736907
69401951
1083476
27248480
28226763
5426623
5374570
141416114
113313436
0767673
126327244
33288316
1396321
91006575
148223327
100248276
1256195
0697652
17393033
2063934
1857515
102868836
85335032
120924125
6660776
157331716
27877832
1874340
7895151
1662304
0276586
2419485
25841924
0370528
0120506
10129426
120447312
7455043
28009688
4792754
45566879
1755679
1222708
2892606
18984499
22795375
126941147
7266520
17384795
1444027
83902627
120547487
33169648
2037036
50553680
49567500
73303667
3012418
80153831
99151820
58915005
50307389
11933827
47067027
124824321
0946581
5555913
5391838
63775860
3811602
41279547
20724194
39187070
0818803
10822144
83460333
67832650
25096126
60283623
76323668
0175360
11824548
159074934
10504021
67854382
16089638
24741582
23302824
16321486
0380241
62314101
150307077
75995848
0836429
2531106
115893413
1834914
0725486
106372162
36462810
1760089
50823244
1488469
7023657
132157880
5396732
33422510
174632080
0685890
0144750
2699872
83270101
42949026
5321642
0385526
0244335
91406586
0526450
1655731
65277688
7361911
18061671
2040812
45091016
4407842
13517409
15067060
1285952
144443600
108552373
11922022
24961950
26550510
20840967
67324556
32123286
3075296
61692032
178590768
29228005
2748327
19073505
130014389
3730950
2624733
0150803
45336259
112535851
25691820
13462407
16771623
3810164
0755890
29242105
22697670
22586329
4303406
0496654
23586712
4435151
4980432
1927270
9974595
180700013
132002551
69660561
2760230
87542255
87666549
36401655
0489385
89175138
147796331
2622260
1571304
12106937
28850560
16558990
5791345
0888584
33408335
172775670
1866321
2647304
162714623
64837687
139995082
0085053
3957278
4465576
22175946
0700302
84619064
1206144
18224279
2046560
3492849
0465789
12768309
1398437
105187335
3870391
3233848
1315696
38105646
12093989
0124614
19446474
30621000
3997939
0609647
9993149
1965410
22918023
30199317
125283492
1438788
55994104
15685110
49952332
186961194
10157452
123939970
91712786
6978322
0616625
1060546
11833296
11117760
3650292
97292010
97276193
61676723
68533971
0966335
47661029
20393740
32551269
35368318
20152824
39224341
10141186
31816649
37475696
1830863
14142934
6420456
63356723
15946242
127652842
1941314
0207771
41815852
87582748
70641593
11913264
4833796
3741220
90432166
19129402
1903434
94500498
1669378
20671087
0797966
19817753
83977334
69060514
8657695
154767837
2575838
92585854
9865518
0616242
11114137
0538039
95317537
1475174
7148495
60591463
64160263
12225001
38751197
69975152
0073800
122422391
98259435
171183387
22553905
0466909
107908702
60235059
27774551
2889253
5636126
111931013
65685967
47231689
21201651
24979604
57504674
32714461
67694855
4221476
25997566
1347564
1978094
2587661
20592509
1028595
4596019
148673391
3007734
90449043
101474227
88249486
0318174
0362836
1965938
7700214
83578311
5657050
1256677
104774781
8443243
1075696
0373724
65098182
3990648
0608898
12068951
1812059
92893940
0956858
26986489
3060973
67876523
0235618
13299075
0017481
25139345
8378692
97688253
3785842
9683557
0465482
88551129
48766116
10348311
17802863
187794520
45140684
45481121
104930355
1069005
112276814
34443683
55812706
5781837
48289549
24700341
24947489
35453496
22339695
107543556
47810053
34177729
3961371
10145217
18344131
35749672
63353254
110671844
28618957
0334124
127615980
51467016
110884531
4661913
30071267
5076892
65941883
24471114
4632010
5476519
81592310
2410847
80488235
9181985
24427297
6037323
75049310
0374076
0111731
91066370
139050410
123781694
60656528
134527328
1597894
44855922
3518666
60361253
21380868
51258753
100261811
107768191
13624025
12295472
125868064
3702668
109487977
22626574
2055387
61957711
84326337
2339832
47221094
14403154
27917147
32860641
45396270
71931569
120232977
25895366
101964552
2972780
33585405
14210647
24485538
101455162
3210707
13941080
25263796
1837276
3030563
6174352
64988114
1971474
3015172
3469636
6606103
23445293
29323060
4844633
26270860
76123862
1422676
2222640
45555364
86677422
2510180
1412008
0118046
3197047
21231800
123187934
129669847
0517979
11501486
24228504
135698203
1103834
102949109
19136068
0540327
0383560
99797312
21284771
1104075
93519664
161305443
89960530
19718508
115529206
51488317
99451091
