0150232
79607254
127921418
126538029
98284676
50346125
98216020
25112261
0735232
16435340
101163018
20199326
9992743
55791709
0210298
43883460
0242862
6445993
66041360
0788702
0347389
19216012
0153673
1753383
11714794
3130820
42802863
51584111
68924417
101743652
42166069
28481938
52168976
1819213
2626144
0169798
7728606
159014071
12733671
100227029
15065495
36481747
63044605
19504480
6493242
24717041
0363933
5076153
103432980
24612755
0217394
29211508
65751585
34598346
0147977
7657506
3500025
42843391
86630661
0823681
0525030
0410400
69850845
20914776
169520569
102132754
68164416
6982142
1333290
0926317
1077432
9424637
42770613
20846793
1180410
2223669
70522550
37878888
77079024
3486027
21893304
1241452
17670726
22848636
0134443
4498007
64033337
0354639
6871657
1547795
47725480
123956748
0825552
4399530
1713533
1130515
0612319
14569922
3504845
0598449
4922921
86896295
16091303
14172006
15388432
9269771
23197303
8609310
57629777
11952926
1761695
36226748
2506600
49057222
129744417
11093798
5242385
12737900
31775818
133482354
50469140
44262196
28404589
120033055
39730649
81880205
105191297
21110209
0433585
0380461
89351895
165092884
98813101
149716997
4602745
129351034
5564593
147862833
5523955
37466759
11313481
6567772
0387515
9705343
28214691
53399039
3257585
20637499
0376875
23208665
89873909
54750137
54687345
109123186
114998440
19084063
1836792
61271940
85793570
26914882
89041295
26609040
130328810
99505452
18431344
23635950
21255097
130122741
22710959
153207540
0311390
2779762
21383796
154767728
113025694
21827264
2601828
0601954
23604006
145877508
0090865
15554878
0379409
130550579
17461442
58535348
1250591
1474273
83633806
49495407
28822492
30789178
64978529
3755362
49204315
113853679
95784362
5878512
3473392
112385959
183611424
0529670
136762676
5618826
152205410
1592973
3641221
1347075
53374879
91772244
124682342
28628548
56119997
6920747
47362142
0257957
2094121
0430600
12684912
135538849
23115826
16614384
23139249
41113704
5249526
29307608
70541103
2059063
0181684
49729052
27265115
15401614
0708206
51951808
79228273
1008950
0909220
127411273
3986228
9286603
6997681
0495743
11875476
3847132
60741716
4404967
1714475
13041329
1215490
0986340
4858665
0735677
6590403
69549635
37320912
51586714
8796302
5943871
168014246
12629597
2882128
0477423
66638651
71577570
1148693
63638360
27083426
4597649
0303317
27033115
20228863
2129366
33328657
5042586
1590679
1608319
0744096
81965524
154336603
169413363
17993091
0462395
20816265
2494649
21067368
150083714
48463248
18626918
2752840
10143721
4758582
72927201
11679321
1799269
22776956
103297681
3566120
30637326
0405316
129262418
85808269
27041395
3448465
22053265
1265906
27540798
102432796
48699822
1040170
85336383
35399385
1217879
55877861
50572095
7015322
1483967
14241249
187275330
81778572
3797335
0791523
53627789
80983392
10497697
140921203
120007495
18553077
3516880
21227871
23391960
54722768
11211802
20702623
19697454
136350265
30540250
1255571
109221501
55644619
132153014
86039466
46646927
2708165
148664753
3839788
29927413
2923634
166065462
0832220
152314399
0170058
12230254
59617426
59265956
30975751
73975307
68832962
22185030
17477055
65516109
34791429
2414456
5321100
33053733
3882373
2830447
1085095
2993993
0219031
162900604
41668125
0502293
28468141
26966128
2636848
53561991
0697463
2677146
0925512
132557589
25979927
0062474
105458352
7411140
1385216
30230285
93166004
87870625
19531646
22789708
0397955
0524387
70521885
1214842
70433950
1262249
52801070
39306660
5533671
4888011
61333146
32855255
34237680
24317886
39981572
0505524
4028854
0599827
109454541
13432959
33374263
8593579
68734180
0922992
0401872
4739293
2965705
150065698
70824037
2008696
86328590
85864046
91350912
46503785
56970483
0273246
1990051
0377162
183430181
28282803
119113634
145130792
90828983
115126741
3963853
22545927
0912652
58320462
23886542
88465445
1682504
10704289
22509289
63825408
0991707
53043603
24383518
1034079
1125722
118961119
1041144
0581960
6197333
1832941
0967395
2620979
26640330
10072959
21292854
37574824
139656570
5684037
61007281
0146232
29411227
136738978
5742462
0006882
46265025
65041442
1350986
65024549
97200830
7483999
20466888
66958357
42163773
1887213
0511409
24207085
23046938
4932340
24120628
1124558
30022581
0646683
68423958
45103731
0400472
8628478
1504012
4834413
34215557
1226240
1965008
27690706
38600676
22060185
1296165
107761161
175235763
19441596
9846592
88883644
9371911
64659443
63408641
0384633
3441163
101464408
2813843
3462387
15331526
153131849
23976859
146335007
98292930
0452142
4291151
10390044
44080411
76779426
0349916
46164152
0977355
129803080
15200608
7707904
96946720
112995065
4113030
0017155
3228329
22966552
56632764
2282567
19503497
18226114
135386109
2267849
125490166
22339977
0099917
10428299
23089598
0944235
10501479
183097385
0514717
12561965
0956793
26013296
24015890
122765042
104593717
21108884
20471427
22917429
170560692
26944289
12611032
16449517
156144692
1229242
15982856
0433480
150012827
1763430
23172000
14843631
0187582
41882177
53945181
0534688
20103114
160199202
0499443
5553892
5260915
0106220
3325674
0059151
27838729
2166685
22826970
9537067
106353120
124919824
66288702
165806460
2322366
64908323
9185011
22369172
69115851
106014046
19327068
17220221
35855381
68413064
0914251
51261853
10200955
3595835
120673031
102073734
1402620
34383001
1134016
75807770
49990001
181172929
102641367
2260437
1263218
11901761
97722703
6591107
1597566
55489324
1995448
35535238
40056045
86232760
58022597
28520191
42586893
157456230
87081876
119398601
0142827
11226480
20914613
48388852
121150712
7337772
22971725
83625114
12222845
49565457
32450789
20575777
1193968
4101357
2486745
23818742
2035872
0671781
1584933
71817889
1689038
8112773
0137258
109056637
154715711
50233761
34128085
21291657
35765076
19745848
0450559
4894118
1710099
33094633
66111593
36344766
105209313
0144049
157907003
27781672
121138550
1475421
35760218
111476141
1248810
2862567
91582665
1335955
87758333
62915596
91503859
85426954
67778857
128685059
8258842
2698530
1997110
46792016
4035726
28503830
30041295
1885801
3197924
0581932
3657505
68037695
36911410
9919378
28722865
26270257
19565289
42607363
5087598
7085913
23062619
50684090
25966811
1053102
34267563
23261568
58017576
7957259
52445468
81370216
59614379
0599580
8406248
56832314
22658515
0541462
158526152
22804336
12046196
2413618
6555895
24469353
121975112
78383203
105902694
22938956
0629528
0104406
85086515
43576944
30663265
13290191
67482475
1533819
104752375
6716488
3102583
66105592
2970662
108545813
21145975
72868740
43380589
45830734
28646642
29481166
0351038
24435447
0013950
9360534
137728303
1681114
4633760
122905561
29344419
142335107
20128871
17315466
6390980
17401693
49831874
128102501
28159509
5051013
2094329
18320728
0098504
9349498
2463608
44135576
0137197
22961139
41809562
16789995
42796456
124951121
61169869
28411591
0365326
85806892
78318989
96719858
0111844
2127041
148558090
26593533
129013777
65986150
0706380
56707375
60747346
35232905
2264116
9320828
0355873
16922263
5869751
61668844
108994468
1288046
1457613
124101305
77913520
63246455
0357697
44481894
61988015
20961207
1298685
70141782
10000390
128155465
48736390
53720147
22560633
147358559
34049683
3597676
2769819
0431179
17670071
19951604
1207390
123157947
10068164
36885456
12510152
89839072
1207649
184860183
165195130
0351045
23255966
67717862
24138918
1607175
5270625
21073868
99618426
1943262
15636537
22450479
138943084
83607055
84902328
38282784
0159330
18626754
20658730
32320578
18854191
1248480
4376516
53503297
0884017
22346466
3237249
128449438
153977222
24938594
1214478
22351619
0601626
12872846
37260423
27759652
63970945
63061892
2530112
1625922
18149927
2271715
9964186
43682673
13336940
53162532
97978800
0185254
15583958
11584840
22650271
35183430
5826205
29974849
91798173
58461136
16984215
116742605
11341456
44553548
11133920
0493743
68084153
60766365
1265050
68550888
37853293
0495697
0375376
0210789
131610462
114326786
139893850
32751825
1991209
22594774
46420090
16779521
21327809
4796106
40453645
67554655
0009605
5803818
44366124
11208840
29419799
2298596
17802966
2392853
93366864
112034179
13517465
163049869
4229509
150855562
48628446
21652875
115770821
4212151
1337205
24956888
13949239
101831769
45796763
158013283
1263257
63631987
134959333
0154630
97100867
36507841
62310715
32871026
0228092
44607948
11994841
21145742
24261496
46367957
5042255
55210883
1828144
14532546
7405778
19051120
1516474
109957752
104380462
11251100
59375629
0570791
36048691
10492522
19207701
5658711
18134066
1707664
2746977
50400002
4917547
42218499
72645134
47645448
84990726
7491837
57353341
51201549
12730517
117205118
121120832
0561793
0257925
37344259
52895607
65352931
34410512
27055798
23425611
0523464
9069304
5557265
3445969
46986329
3433700
13339559
