69003566
175214933
9590432
10993806
0089740
21109905
22679939
89934683
103831022
0276744
27225645
0297280
80992317
36071468
10160597
16952283
45504871
14397560
1592998
2117521
85329177
28881668
168686567
20132561
0220566
6105387
83161637
2649536
20840719
124518150
24652635
30299837
48341195
146329917
96962308
0296426
2233225
25026374
0153423
89029181
120312981
33089688
18703250
41277313
22094846
111645317
187940106
5348113
115252921
5306838
104923834
28386462
142199363
69490129
2002033
113600061
21833424
13367003
102814720
101182050
0632532
8175623
51086560
32760777
35743361
76743953
22903909
83606618
19226907
5619657
0838688
0686533
1399158
82246918
11092965
8434242
12457242
24011030
60506346
120710470
154185173
54372160
1745582
34944372
16539244
104368427
21628733
47449848
4532636
0161889
91963156
11030961
0498877
98644841
5589912
4143098
44851497
19329971
0269775
27891878
109461300
134714837
0390047
11869756
3414073
24921133
29328490
14495532
0744489
0668626
147430739
53671443
93910053
30781963
10879493
105685424
2201889
1442165
0192409
1137766
0877053
10383958
0085084
64977895
10030083
4128665
41740369
69536032
18137860
0993011
0172871
155771631
2104812
0143909
27649482
32060292
16694023
63098185
24019496
3625584
126752288
1382613
114822238
139571692
13215720
30037631
111855764
1423583
2968320
100549041
3771401
24747432
3608478
27571147
56812343
87622306
118076285
23152275
0858088
88929669
1029642
104806016
0482821
80918298
11016001
68187544
1156675
4171367
96808133
67612591
0786032
44462292
36497842
49409609
0924842
0237132
9363353
111031104
5189659
0043186
39799030
10769820
65958562
1789362
186032556
0253357
1151357
15544410
19420470
131326511
20512838
5992926
11514371
7341168
1297262
2677005
103556199
70066969
23193510
3672017
3135858
13209412
15274874
46059327
97198546
24690923
28658682
13586893
84505529
34708396
2354731
36039098
156638155
27111170
1288611
146330218
2519821
1673949
7484042
147671822
1921195
84985119
21067075
114737141
2451521
15362785
45824581
1920413
94905382
3340060
1507011
70290972
42111403
14888651
55605121
23746084
133978319
34101471
3293985
126840018
34041860
6000726
45298136
105960269
0774185
13632265
2881590
0411363
2908426
22385717
2218198
0168000
177467345
3650866
100080919
2257122
41569276
35133431
22126805
19535273
81615705
1729275
75349835
26910482
2201591
82728000
15027172
14021130
62473113
105224459
5793921
0284646
34495978
4651441
0775929
1059636
0413598
49723809
35971748
32072091
47478520
0377761
128564396
173864414
48691639
10797104
0516809
20663587
0860053
20391836
63593579
18741319
1958604
82426517
36752821
2165207
36669226
58144343
4157980
18267153
1224390
12628185
1331464
54846776
0459220
6491156
2163186
167321481
0172477
20934912
0174531
34911714
87520840
19112320
188858400
3071380
0230016
84886190
9233576
82451421
133489190
126547813
26077450
0629588
7665227
24489393
38080558
7785969
157614677
13787799
77932874
2417164
154703715
34544841
14446537
49753768
30425518
15044846
89075536
112194256
1942818
2373179
24447713
4756360
2343232
52011465
0892646
0629981
55577719
40965322
6205687
4087977
4909201
124003240
26444924
23206741
133661721
107657793
0017702
144381715
17322878
28132979
2604026
13280636
1717616
99622833
9531572
0904651
25329360
152900426
116216798
12897948
74712936
12580123
99135271
0112610
71217640
2378373
43325676
22928444
10751216
3090851
12771164
3036093
111991912
5154516
26438711
2909757
11255883
25079877
22308011
1635285
37357860
45576297
128676720
22591241
67701668
1987763
73731922
47991635
6830715
44899770
0237631
0195209
12636066
22888162
1580107
0752144
66474319
126453896
122727656
19009969
163163680
151539502
132455854
3649491
62756059
28465543
2016775
119532055
22215610
70626332
24222578
119277469
19912169
115533269
20246826
40037966
9959746
21226340
63196016
1369762
2368369
11544510
1111735
3924557
0353499
65885122
58489672
135494853
23167949
6163186
24612894
10968235
5080749
0701238
81718834
64505959
15901392
50936315
2126053
28384299
55722611
0214384
65442106
7185851
28354196
44981216
2505498
19956219
11423006
0728607
0500100
0000685
14945609
56478740
5824318
65500496
62791717
30972404
23916863
0562732
2389183
2145497
0559419
134317094
149761637
3702832
47385266
53056798
0930220
1000382
43468856
0274600
55533646
48747323
0877159
0967967
1589918
1877911
151981938
113915739
169425640
129593000
31869722
6554430
64508023
43612237
24779510
25667139
122337109
18633772
13701364
0103071
18258806
20343562
0395399
23177763
149871548
3192539
1447215
9665654
129819965
163335122
104708272
1319999
14831937
4760994
3242577
88123709
4067661
0342772
67462967
1885264
5527337
22224578
2993197
4688133
47570048
19836791
148557135
1767744
73482986
8572904
161034291
7651220
2735753
56075559
3679628
147983696
3109237
2372054
14281214
103393038
1137437
156632515
8809943
172009918
4443958
65826754
91067989
18886184
151513851
7343305
32897065
0326923
9525127
106720719
1823882
135986518
15633558
1156452
3503910
19474742
27527309
43381447
1128258
46777372
22234261
3991380
5316823
148602904
17641394
24645914
2066279
88023882
37023514
17954575
55226975
15739876
67908149
1235052
147889421
19788456
51098210
3258417
5230391
0968021
3582348
22951460
61501981
160895411
104004817
1808990
1905172
15051744
1162550
51251934
155691127
61862585
138977972
10599106
0310490
23009608
22181629
19627787
30392044
0117864
130491296
124030518
16458447
107791608
1864740
127169994
3077555
132130154
1881529
27541291
108146398
2487750
59631263
108688818
1082071
90447243
0674524
2576671
85670137
26820267
30213509
5323229
1048771
43219766
130176067
27722070
0344114
7359878
44481193
0578704
83978864
155510733
14842399
0723074
101859619
4699196
12836505
131106584
109959141
1237460
0667846
147808483
3280905
20454573
154450667
44123256
187730147
132498767
98291685
3742991
94138948
58396130
38344811
67709296
8580643
13934875
101910064
38326543
14793131
1824894
22706620
69348620
41765757
10280935
120539262
56863787
32617578
18382589
42790053
1193179
1878785
6890624
1621359
23069777
12515852
13702755
48230041
1467851
13905825
22203123
56537560
49620885
0785249
3048655
69712813
2605921
15327963
113181774
1774609
1800961
3218208
13077778
105681664
178810614
1314929
35629061
103594176
0554739
111902406
1291346
0021240
1510655
4198802
1928787
48351462
82178782
1821422
55885193
22234840
18708169
19735846
0182090
67515216
125054921
50646435
13604718
0288529
26269523
4850715
4438055
57661193
30023893
68465427
52579777
27424759
0331573
35078548
7743887
134966206
152948649
1958649
1369046
55329379
0061613
4954160
5324348
67083564
6930413
15640135
22808477
158552463
15642288
29668668
183043173
157008714
148148095
0990450
3684128
106437162
40048969
29978415
38472685
25191902
65648768
4607596
3247070
43549011
18901475
33047167
26703987
28638132
4010049
0635619
5441793
73243545
0440237
167829799
0342700
188906235
19445016
46317132
148570504
44179435
7847820
34826680
4101169
40512787
85128043
85941554
1004520
1684852
7514722
1819051
99690147
53625039
21357175
134946321
53919253
2823123
2121195
2496117
12438941
1684293
20961680
5342172
113698212
1759490
0958695
5190620
29324794
21920479
54904756
8881491
107466454
29591623
100129120
26557388
110311269
107458270
114175984
94859844
109569142
112358529
0181211
105696064
2380039
19480430
8193942
169702598
63725545
0896212
101742934
24828636
68710383
29149346
0611658
86460239
0812617
4003097
54088548
53390047
3329931
4779526
151639073
13926088
0012520
3089005
2675547
26648587
1097934
4162450
186622707
5527808
2904081
120296714
2214525
29092806
171894786
22228614
0219578
3063013
62377435
0951833
10044297
5468107
60993398
7486656
8546957
70786326
8455044
11280033
96538933
5241241
1283552
0461146
5488479
47417441
19521353
101618592
165422293
5757950
2374783
76676816
43975526
35849886
49867687
5495016
20110374
54314810
104568087
21374320
68266299
22985020
103228136
0539346
147524990
40967968
3481861
4561065
2376422
14214701
94233651
1005346
1986559
157368427
28722906
49750722
82414298
31223675
17255615
5168645
54609854
23317797
94646748
3023370
126435718
1200118
38185062
21299215
0020857
28544907
22453785
33123621
150452475
1994786
102144889
62712483
11814256
13282804
128042461
0578967
0478624
11987212
47794236
49505748
74709403
10000089
5234473
14606551
51779629
24846692
6049412
172659175
2700110
23339396
101755102
103986140
38528968
12564122
0188793
17087400
62025836
130629871
23744555
0967568
52060184
65045959
3721075
90512551
105574258
26545865
60039132
53603351
118449416
26186499
4574999
0145075
167751291
3701359
53484688
4583319
0334977
149331482
62388331
19845263
70024595
20618846
10334975
1665190
15794879
52622160
0815740
28700924
88506386
27071161
1894291
117143265
25356055
0644912
69182372
31646645
59195903
17161242
107602222
15134039
1085996
1701004
188367838
61419334
31376824
28708274
69922957
