1951246
32994190
13465016
54183390
16209665
55532299
148558122
0399349
176292626
35788147
15413857
3446653
4891381
1026876
32477268
60847133
135370601
1484601
95751777
0303539
42962452
4870367
10906607
2662182
15277618
57999753
43032441
7872765
35229743
1084645
188136987
22580982
0881272
105353518
39696525
135788271
111550102
87544021
0605647
0291339
120065680
111806596
27529482
53572716
31308989
1277491
13466253
18542098
103547953
47319077
49520142
3153375
188924353
25124918
24537622
106390879
156812002
14117780
26376900
3174947
3225430
129893176
86987045
156963985
30988897
67892098
3788001
24662857
24690919
25549170
30430397
25279641
134240858
20014500
65781334
1390757
9967790
0569179
60286898
48360499
11619447
37965081
109000112
135028949
0605311
68154192
127777212
2578250
0200612
83420162
29436849
23828073
0130588
52158304
16491234
188124678
6861152
1982210
50895528
105467909
76651990
70307820
2072420
65118238
0935959
11894612
51284826
64570522
37584349
0041450
154706382
9932690
12082365
35894944
17027082
1270885
7339631
8228594
37791036
20573807
5237240
104440968
3905017
58132586
2583279
48368255
5863549
26518794
151321571
24573988
12870589
15836300
109164593
29274692
32423388
186455482
0834079
84350114
2245715
2561906
74452412
119183203
0798178
19956326
0260634
0337831
1593687
16319122
2161575
34009899
155928832
2130692
78811141
28430031
57605684
59681178
5876072
35138822
2110311
22982364
22983036
65715627
0550976
148755839
62360082
1457864
2072125
136335744
11341832
1338663
13111761
4779373
91165654
30468720
13773688
18703113
52550591
26091591
0457814
134532506
3838697
24345234
97514792
107175377
28846659
33565096
1769298
102122960
57075719
161457241
173044167
1930760
79153498
5809013
96290130
0795192
26398026
11253385
2978327
7361916
0973067
26418010
70159578
61617922
11847693
84655994
1567475
5575310
5187265
91864534
0792206
66552121
83770344
29800145
1807694
0977648
0098743
6650149
56435455
0515601
78882252
63672131
0749329
12323450
124151305
0340803
93820964
2294771
61703024
20353936
1986150
19352428
32988378
28615638
40759350
0634077
1194136
47634127
2339026
1839591
5153691
35058638
77520024
10234748
122372756
172055558
1646495
7304189
19295703
146733903
25154927
38444647
68535668
66111139
1766931
22875861
93309238
50377816
49738615
79805130
48990140
32437449
4175773
13021271
0951414
25705540
3409800
17431508
110337172
83367451
12994393
1241312
21034410
77988994
42717178
116030242
25454121
33770943
92960840
1862360
20996632
6218987
0289151
1911912
65807730
6220408
1953250
191419566
1258907
0374209
128963829
3510074
0684405
50793921
3355263
118515055
4534960
135943064
77944936
0402074
0399731
83914903
57654421
5235161
107655657
69944397
1384242
1971282
2287533
130927922
0988760
59817637
0203150
5305955
90896819
64605388
9118340
0105072
14131297
6335408
133968273
28277591
18200502
151307914
105883361
114862202
152062879
1462506
67243871
1806369
1651802
3773730
7190131
0112678
34405230
0078494
3761603
29449073
45000137
162323776
106019672
48915970
57699663
46156700
26430645
20872407
2124381
95170367
6959534
12010104
0395036
28080878
47186216
0777843
53730010
5812493
1580493
37740958
82314028
133689310
133259848
17239157
19472371
18144059
56842551
7132750
16105570
0281086
19504488
15607716
108816291
124258053
64333624
4206113
4236196
1781036
22862543
8646722
53739929
13650019
97208315
46435439
53000875
13032161
72461682
5398867
103885947
5223942
43489505
19616598
1867870
189054136
12271095
12421801
68360170
0194347
118874111
1901674
25081287
16012579
2433028
0974483
23624234
14435370
47399679
119955052
64807627
30939504
27534590
26233729
0408291
0522063
20322585
1465148
106024418
156087945
60713215
17076251
47152715
85917776
105905661
56393956
9830390
2113192
85462203
61204529
10040354
6758869
3921852
2252503
0638944
156034896
5204123
25053847
29191930
161093338
3151738
14735746
14274777
153833459
2827479
4543990
28918385
10473210
64712155
14032279
33739264
33701952
124681279
8402717
100251216
39391722
17406698
84761489
154947217
25489806
90256982
96823783
2279889
139489183
50575576
10746000
92485328
19171837
2805787
137337925
129327883
5260835
47382469
120739046
1619075
9105522
100110251
79792285
14287520
112217984
85165146
106345116
19658928
3697909
4281896
6249903
44338105
0325799
33907744
4038332
9684385
21003234
0461489
55688556
17119745
57086464
96242336
22069443
23868652
26358361
26707962
29287538
32741470
26592808
33790225
20142341
39149588
112496968
32585102
54043170
154765803
68499511
4458640
0693211
49549992
32675370
116504793
19808071
1294408
2183516
54330302
62186463
0114979
39911477
88946165
18880701
171152728
1083764
67826053
30101511
11719171
39781616
14519807
23702053
70067709
0170730
0019039
66713723
1607303
2870802
127340354
5898409
46577808
24222524
10834049
36885769
67959450
7458604
1448185
134582127
2489261
3483938
10996430
52219931
11050453
3561705
27806004
27390182
30829996
140131307
0292427
65188764
153230334
55338180
1204135
25834158
34598819
68488095
19695743
1196268
108708694
3015510
64586503
116712257
0484477
19576964
32472343
28196395
20024371
23249666
7412212
4707402
129624888
48225813
129828630
85159623
26306874
39549141
36788925
132738881
1960997
23457334
54048014
12044575
26368043
0435317
14278480
129990343
87308920
149176078
4038454
11290609
129851957
143005575
2427910
76806872
40244392
45915588
1066910
53271913
158310865
7633234
51809362
0196765
3044917
47529967
122053059
89790865
142260926
48093256
23022305
56697455
79974782
30186485
0277392
84813030
2245570
2577404
105861978
19370849
54996840
1989201
1289776
16763632
36024201
15844475
70954845
158473524
19731530
105788289
100228175
21621181
7515219
4064050
13566855
0625436
46625538
59873922
3512256
24269206
24275317
12923507
14045208
97660896
172181799
4642198
91015505
2828703
151450128
24858540
63060343
1052822
65932704
0506371
67422524
1348082
26829000
96153229
64285543
34071770
39239432
23084863
52571574
20159898
0834024
42533923
81781450
44279857
106637376
1171855
23053187
178867822
23167444
2145349
29531846
3980022
1499530
0143173
30662136
113989160
33697605
1939550
37981838
152162099
2610851
2914263
2166427
86526558
107808314
81705549
0162530
2060318
23206399
1304222
104685033
23320225
60004890
42943276
9749620
17881960
96293811
83990933
131201609
89863465
32539308
19566725
35283930
23423091
131481248
3214234
0343110
23571612
2575158
26480167
0379851
46924149
4045641
3106166
1984721
59554469
104328912
51923805
22841287
112246037
58236592
90439789
2448563
147697168
130122628
37326559
93968794
164307440
4424841
32909434
6135942
6864043
23136892
75898660
5870468
18026642
7746833
10206505
126287727
3556888
132564212
3748883
0110708
0468391
5454618
152204083
147586026
19578903
105932288
143151324
34759149
88999625
75277951
70042709
4109873
61498679
97700403
18415965
32635780
32063921
11380446
7889304
1350238
95772271
2732838
56470298
126976244
16343802
8135141
11902868
3328601
60982975
112288524
33302650
10807778
3630280
7776823
1350741
94486250
172175554
37005338
2104582
14023386
5103181
9360728
49894432
12101526
62845421
36591361
44280969
4714007
7995051
1285642
4807562
67591154
38526577
7972806
110080639
0291995
4515295
69201229
41913048
0741152
82437636
45150762
20348155
22887978
2230502
37017934
19665127
6255535
3190142
99319720
0940840
181077574
3309735
23116129
185006236
0394470
0749784
0171914
0327799
14327965
0819888
0723185
33501316
53319727
0874409
33195559
0301036
2721062
26953865
31902016
12102907
59355236
1537768
20151298
3197064
22715942
45895583
4266094
24768073
93225262
17688494
27026965
4572257
148570125
5969264
26396583
1013540
16274310
1894315
3007554
87146005
5435160
1863957
54588500
103198018
8230230
105533197
34437047
0023870
0267797
0382159
2993396
47095908
61578819
98824201
19973487
121029034
54784131
170849465
189207073
171390927
7180202
100367699
3756955
152126247
36013476
1870807
3983925
67502765
55228907
93287549
45379001
28999847
2581737
1507927
4644927
2333842
36677627
3419031
18913786
24780644
101370223
38360177
61511803
115547135
12411209
15783232
1792638
0174332
0137184
27086195
8269313
111050766
0548553
157022591
158425779
0549041
8121061
1712732
25228351
7813355
0857426
37253215
0158738
31528805
109976836
17526041
0878973
21963823
3733472
11072397
1057074
0044531
24778769
3454549
23183310
1588993
143326842
58368055
120141107
37181119
33944488
25160191
114874124
1597990
15571133
2709792
111690840
0548381
11015901
7548195
5631672
24492658
29396212
68286252
16567516
52858390
14891981
1479229
0065431
1340839
1633313
1641226
70872821
80133273
26075616
0759519
88118536
135310250
35131715
28743485
4418743
9647077
8080836
2002471
25239984
36293716
10019088
2089743
20722821
24689823
132484827
89070656
5273793
39515942
23476446
146330195
0671107
186802842
3088100
19458532
33304576
98128474
24808118
1962774
167112507
23249997
