22267305
2745931
11016607
125635990
124582978
166208238
27806423
23401625
69527331
78754515
29636906
111163785
4367845
9388473
101588274
2321541
1445091
1930549
0091017
153060734
65634764
119916178
31581910
21839395
30094103
3061038
29197353
2031401
0103716
20243955
8898528
26396978
22949364
53491422
18425657
8840242
2427442
29813828
0537468
8643922
6123935
4454055
12054840
2216799
19997672
133514417
21181693
55081214
101454022
2362250
4676295
143606262
46443845
1222130
36488044
34740383
5345475
25758897
64871830
27809249
20163970
56659237
4291422
35887826
0792613
44059846
7521101
23084991
169160345
23430826
2691558
78049656
117686351
3641905
18894811
0006042
0840642
58565595
78526769
22625730
2566579
48790890
2255064
3259673
62409483
23173130
8120040
2497583
46382047
0792667
53165781
134908649
77310918
2184249
18960124
107838234
1036150
67448073
4789669
2544166
4160824
0169043
46034831
37609885
4240540
10162242
1369486
20356041
108772862
137856393
69789444
32816688
6111776
146328756
87230946
24939814
62205454
2076563
118354213
21206971
147407609
54459736
120185220
23662923
2025684
90143200
22497646
25544259
120527803
162323966
3914482
153273681
50759879
137859530
6665035
43835574
150462134
118343152
58232116
1115210
0698408
107819851
23822083
0048579
14990811
59655979
148554975
20967555
86676246
56439459
70518855
2864642
9651152
53605138
1552859
28299844
106787589
5125644
149768780
3790079
87941391
30796998
18536790
102930599
1437474
136001333
87103483
0348668
1250031
1069905
7985465
0290801
59753670
4188879
127260200
1893095
22592063
171689292
35267498
25575540
0643116
12524312
26143298
35437041
66291293
15626428
62618548
103026907
8022769
0700177
53878687
0281235
5237786
10964573
11405859
131787759
87981549
34244748
6025403
125620711
101787569
97824078
26515581
2036009
35995388
22167079
2640887
77305384
0384073
31293825
51252022
0085708
110055445
73671975
34773774
1174812
3477572
54522861
2556818
130690328
25758741
5043432
0131809
10049254
67041501
54055037
57308716
2705218
4424560
75809935
2002439
29268439
7077692
68968216
1527054
135621552
20783895
24972254
111008983
5094682
44136185
53364452
8668251
37913663
43464009
125001783
1485994
20370502
121912818
1747396
129051411
121127820
120482125
5163048
8467741
51842509
7058339
26751600
1306873
0776612
1884351
2001720
19556838
1898687
17140789
126480353
23136302
7379794
28614745
151027569
98727037
7617431
112906634
8966364
3313332
23953963
98290351
20898159
37075789
1626305
52191082
3092368
4198882
2581014
53698838
127209142
12996739
4052516
84523630
66592100
11911163
68581784
131819810
82034252
28979195
118715657
137389564
20501179
13052788
22528636
67718484
11613949
4101234
67870894
30917281
29982363
34850050
28247974
36817786
34168369
77927383
98236707
25942566
136154424
78219998
114823264
65738972
11076318
148951429
166192626
0616389
22930341
6132003
1509438
0533592
138845417
75095091
43665479
112667784
80780317
20385652
16078843
18925889
7131550
34362211
10893703
105981330
10731433
3471876
5927077
150701176
19980456
126296033
1613568
20992396
52776013
26583161
28176377
0554329
2283483
4204608
0504481
41582513
23341116
4264314
12614267
15949491
0104569
25252186
62319046
24778770
0293668
68299594
58307089
123954819
45830706
21294969
11304856
167584987
0872474
1039817
1290851
26217487
168811146
2331908
0396139
0243012
43084120
2651652
5314281
18162625
19383508
19713741
1635438
4315095
23994520
56499181
3290494
57591203
4922908
3770962
6929885
0236753
69745746
26937482
58912131
5081289
20605899
14518321
80595327
1277210
81024772
42552902
1160696
70068428
27086601
0125128
41767848
1278235
65699999
18723110
11741882
62432103
1267736
4658389
41532477
50037650
159666074
2111072
28071654
25741944
32684682
1035177
0104007
79948248
6367528
1981115
1118679
113974400
1784099
8566077
124999136
1568235
32629230
53379560
64928972
22751817
11521542
13736453
0266661
0042422
25594769
1217417
34722133
116000181
4872322
60007764
107702615
0311546
0462288
52343009
112043442
68519345
59743176
57258589
0065243
115959055
33845147
9952843
4549787
11765615
35681964
7895463
12501813
1507866
0953519
61758128
173510519
11128535
7377092
82306362
147901261
0826873
141425649
2895120
55164104
0005590
130117697
95657269
0022844
67752422
45999680
147214644
37182983
109862615
91483786
0823271
4924607
84462396
22899312
67991828
51361386
83128631
18744810
110958317
107710593
72240781
0476602
27925107
24627309
131022703
35192149
57082993
20961240
9991298
4948472
117548481
5322687
23754340
39194004
32229356
17690867
3895302
20059535
183254738
177851425
10774147
4265146
28824701
15130933
2727224
26504531
2482019
13132037
16678143
19683881
37761204
0536708
148560849
31725432
0736221
37154939
171176934
166131459
57191969
0294266
118960244
31239994
166527745
8390816
0808569
8926268
2043418
64944329
0226639
59095630
0480752
10211828
2571670
23091763
5893001
18744175
176559064
21848420
2392641
0445643
1079663
69022581
108655545
33283012
117270546
7549188
60316800
19398373
5647808
20150177
107844509
1236602
17985425
101941977
0437072
23761482
0556248
124883033
1241331
90648419
35364405
13787039
44289859
62269797
42740374
11743320
11836250
85971882
5758974
63638171
101979924
2412298
62994385
11589393
11883835
26069834
60034110
29935810
3610419
0341103
2387672
164036594
13958382
29919119
54537375
0858142
36982101
1401810
2064059
51621246
37763231
1241666
108131576
188864374
84652011
55163747
147530995
12972164
12032868
0486884
0792758
2038617
1147189
172300442
3085608
8580211
155129232
2617185
4699695
45714210
110576408
4519517
0991553
26022851
21079671
23010386
61850676
0450190
23066041
46078677
0131604
113831020
2145094
14456516
2044895
91018023
118313892
1779594
15307557
88368029
118285327
1703259
122397455
64767004
0835725
114672379
19702526
66546815
5623759
123942581
3171685
5841201
1472206
0553821
69505918
12281535
54198098
1038584
55439225
1537161
124032953
26788052
128040287
27006725
50237590
26478030
19644977
0686084
0955728
3145900
13850029
125993321
5017551
83529987
22668817
21678834
100495872
1270659
36403914
58079475
23249861
33435481
39153761
133226010
51013901
28838085
2885836
6899591
109390264
1124840
2185335
4812302
86636713
5921267
5144463
29078719
32326145
2405402
23123296
19545676
33186060
1213401
107684343
0234076
0486528
15881222
19123293
10682945
23903371
0930466
6505402
2528805
73259028
0286671
1736727
1940847
126349800
3323842
70217053
13924380
26420268
134305132
23754677
42825488
0863711
2279841
68630637
54854525
3454783
23881763
0266568
17142403
0804088
14594079
113851416
3022864
5999024
30205313
128083866
3106399
42079858
2975064
0869401
96903480
131141928
26343399
169606124
0532892
1433310
61158752
7002016
67011764
30620361
0073501
0053593
163844024
2210131
58561307
23357807
7310345
56868028
44974910
84501979
2303079
2627602
13462763
1256873
130877763
62906690
14879571
21238563
107185909
153050218
45844479
23638472
0153705
0307035
131942338
17355872
90403341
23301273
19643625
19579942
52724009
4524416
6078932
2826455
20731055
85513775
15780881
72762384
103234099
35370336
147262307
0821928
0246311
2369479
55603086
2150058
113890316
7067334
10544734
41422837
105044330
86837973
68099659
1830723
0576361
94715242
112522471
3229269
2764778
1269969
6384756
119965636
26252713
8825713
35839743
44385555
123474088
52023080
7421384
155066520
0369940
62543066
4429930
1105949
30720175
23450243
1400594
5656380
14871495
0059019
146628820
67855438
51507991
60608209
0555533
49068658
0573975
1436118
3002370
0210363
21827483
23832888
23115683
130367176
60849424
55694620
150392690
34850251
8636828
179563442
1085159
165085302
3273727
104275634
4426939
5350953
0465594
17616759
8846391
61448178
9158655
22391931
14555551
18158158
6630996
0183385
0129218
63736920
59744973
2348273
38072974
114876725
1315184
12319665
29461156
10852125
78546257
62803326
24894364
56507749
147903078
69991524
61277682
41411007
71395261
6391142
2848457
25845421
68305046
11489489
88641838
22742904
19569154
163091775
133756488
23865539
157339741
2190563
11597246
29426533
51874112
44675788
141605826
79333678
14509717
93578474
5066804
82087784
8684052
13534187
28990396
27934884
78416087
58750694
156767497
157186888
11521496
97702204
27756928
50450697
22554901
77370523
101404692
2423569
74118129
68500714
29082377
7747843
0508711
89881785
123800180
53530349
76484026
10591868
112426176
0305456
56260976
109107462
17921847
22252620
133412863
125479830
1208261
29883940
3748911
16274214
25994847
38075715
2574366
62943897
1427137
22793284
66924417
3498499
25924089
1968145
23177289
54957826
2706446
3022175
54381441
5210164
7976526
138986003
1374619
76923580
40727550
10851356
0775493
20076844
21159788
1874476
3607466
45354930
87282958
24573377
50138678
8622496
0558161
25028657
12981723
53073130
122538709
63012337
23885840
29119921
32044259
6305415
10819382
2067821
19778959
