0126156
21611479
24781901
88522040
3625428
0019628
137478497
17130832
49519855
43463690
0135510
2335124
0392451
2508077
54372610
2003759
26796108
64468636
23853676
103427576
1021852
46387072
0127279
16346458
66524113
0982834
11106585
24323578
44051699
85271387
36546767
32318453
16725358
22850733
0556650
26627191
1479573
3798678
52454238
44397388
54602517
98634279
2717889
10725912
45530793
12943178
49634072
110615159
4604228
32294001
119862158
87747099
130484780
16181960
30866140
52750208
62428882
94617586
3438366
22888873
0915492
13038569
10504317
61914621
17904364
97741269
3563339
104509482
109091259
55825906
4917399
6412025
150629581
1232778
19659133
35723661
0310469
3397239
20810185
3069157
2028975
19296374
184976847
22855463
62226164
18620676
8623763
48378959
23775306
0304971
18909669
66300164
4313626
55386333
46800267
150463733
25983896
51142198
24820540
36089450
77876401
0114276
25393013
2096361
131616400
126368890
85407846
84498846
132349626
2348667
101789169
2395168
1347669
76837495
173021689
23577947
8381828
0160651
45592867
29665729
0355290
129916934
25349350
27318900
72637225
11722154
83796756
20015305
32830471
49886664
40351645
59091574
14743742
2698269
131685693
2576385
45809573
60263384
20318897
21071220
65561988
1148659
0702665
62418905
24013381
156887755
44971814
13925578
0338100
38805807
94089803
13483139
14697676
59855529
5390770
113762886
94274811
128767984
54991550
106416208
0278465
2153578
33086572
3629020
12396989
54640256
44747364
9266692
152910840
15660470
11061474
2931824
131216859
52080572
20162898
35021475
83569085
0621568
21379834
111619814
0156456
2681764
22783521
101896702
1023018
0579947
20871749
47233780
35285535
126130253
2311023
14018881
0244568
48330430
1959253
1912267
85408575
39977047
130251816
53206307
1283134
175541725
24306198
8842585
0401184
22109862
19967347
8554569
121172380
50574370
5042381
72733982
10428337
114825043
40283754
158832108
130916007
126259355
22631327
1466948
2483880
22770790
0220181
2780330
32310870
57633263
1593236
67981113
148556297
154976915
1848417
1913825
10130386
135985529
142779342
75773702
68701811
0246140
1471606
25290547
0910078
34268976
42948846
33129867
0279116
20104934
34180858
1457119
135522317
13552165
51828648
20416120
29991681
171440029
1318985
14537401
2119341
1886142
5642395
71043157
99932948
2072787
0002756
21075835
70926649
1854884
148519161
45809428
11761206
42713606
84627988
8644555
10804749
101439361
53631388
3915749
64412390
45707060
3551437
67107188
0368923
27218700
2296096
81122319
11191111
1335455
118961328
15604016
44171667
39837832
109167374
69051565
74746148
0453751
117192596
2727767
0143396
26906861
23241674
0110683
128758595
19721102
2452680
20403502
40992907
43486909
21040072
8671654
151516573
10384462
135907171
40982368
60847773
0969421
0403939
2543601
0057718
2680620
23640659
131179719
0884672
2763709
35144065
64454268
31850677
7035194
148973165
45712828
154741497
14921920
1384807
4402834
0354849
2058506
59315098
12218883
0287420
119269185
5857855
10320174
8875715
2193991
0723148
0128086
16074367
13547921
93744334
131818350
8530810
1255556
110018339
56709959
6069969
33265546
3780617
5019199
148560256
106789153
159192006
1482337
1243371
116140532
148554474
26299841
1283398
27557228
93601701
125245266
46813396
118924332
125867811
53736222
26316527
4361516
78123147
84360895
8505252
4825134
63130577
6389559
6611477
21206821
32457124
0608291
26469563
11247294
4353536
96261591
7092120
19948502
21876264
148564699
20552589
1334473
3117874
0978837
0849408
45895300
24428489
24311813
34483087
48711376
1214729
19765539
11928730
18406883
53667458
12165616
8497880
25673488
44863212
128551828
10508930
1299769
2380524
97887630
1954797
160445643
2107435
1364899
36186251
2548881
33926668
27744564
34423545
120113203
3782170
8315319
11240949
116653317
33974261
37285176
0111468
4365656
0489278
48845610
5014404
10624411
18103141
7025267
49941159
89171340
23768935
5990158
1502614
0132063
33483571
170528196
8856220
86785729
70026130
53088429
13435981
154865244
47616174
26509556
23467164
2358455
11562563
126457463
5739900
86851587
17086913
84040978
1122862
21238727
147252598
16297679
2103481
21866333
46582668
68105509
2523630
74565775
30859885
131476806
17747189
27784468
0399632
4271344
9609596
1390493
0477285
30059076
0109420
34861508
131528986
3802698
20489156
123321669
1160960
21888111
107276399
0511522
52439661
65698318
15919383
4047638
53503813
151118359
11183726
1052099
41591642
80590737
26014704
3955777
25711255
71377771
49946085
8868360
90288573
0378853
25841712
46942205
148556770
1241733
2721895
0372883
0359270
23271898
1987215
16079470
152522055
5248248
95932049
0111764
29446136
44180783
23643631
37149265
0953391
68282493
5215395
1690616
0151480
28084861
69858713
50357107
60897204
60464509
0390054
1813216
93204441
21383708
14563137
5133943
4989664
81295671
2396901
68605860
55710934
4066644
22586108
10212814
12863906
79555151
16914702
34210270
65913453
70376458
150745510
32349960
26021551
54492483
21737698
28169362
0458991
0870392
81880449
58478793
136745133
56090853
103863562
22346091
186546218
0467996
122672150
1743670
104781537
27231618
72556036
30451509
1258697
0411768
1618436
10318835
132382689
0760316
3811057
33870179
3766835
34912872
0005236
11771086
122693051
130024465
6811864
14172003
5565279
85690398
24605583
27345788
20431315
1513169
23238042
24305869
69165516
52920430
56805246
22238372
53121264
75296763
13054356
132882758
23467315
3937393
65298128
22742095
1936661
27085023
64523239
28826196
53120369
0744466
114056147
56383907
38902676
119177728
0417431
3795903
6204374
4336942
3163636
2511968
0208776
2228887
8738339
57245354
34014679
0214998
74129606
116914332
56987363
21741683
45781304
0079419
3496574
13125850
109836362
26920133
118632296
25232799
148557901
1845506
0356971
44047130
2698535
45274940
135849671
115309688
153712360
4387680
2700637
88465224
0231592
1536230
158726292
18248827
0443828
19609126
10339396
77090895
129417753
68222486
157907064
0175864
175812419
15899300
142435079
44188737
34564106
0715971
60121987
1981129
42062452
54999105
100477593
86509198
34037648
32453695
9882464
6812302
27255069
59840631
27508549
0777251
3963754
12907962
65359847
7635660
71354003
45624643
25531968
22830054
54545036
40879404
150098663
9351279
2059592
37467872
23745614
0270238
82016190
26681139
29390246
19984939
35200093
58710651
11333589
3944506
90845220
24578060
4384084
2168189
25044166
2292515
61462616
1527931
1702173
51693439
15852974
128266266
3044602
137222115
16285626
1095983
62808689
112746996
100619921
25239142
147419257
1467600
137463663
3742364
0308217
11863891
22655173
10353549
3119577
0262316
105049939
22345436
79773454
1850061
28372516
19503746
155815234
0850869
31627900
2538639
22223699
27409926
12936227
64581897
1935520
20847827
2122486
21331095
28384820
10823007
38627908
0080080
1387694
0745877
26727266
9396243
2128358
62179894
10192707
190236079
38366563
95579557
117164387
19436717
63857399
2105608
114742771
80279291
1855276
20464924
23393732
136463420
31974273
103788181
33568617
0966190
5700015
142379856
118528132
12279597
44146647
39642648
24756272
1003250
0593798
5365557
7040061
71505245
79046896
22813956
117883622
1228568
36157666
3635078
15971870
0372678
0621569
123326629
46919419
16897515
5286119
23021356
1028916
51353898
2486797
55683644
34139925
31925016
124207210
114904571
3768046
6916141
23244033
33176069
25724874
16018955
5345707
109867337
60006906
3511557
12943207
37115733
47449476
9936846
2657369
0857113
16042116
34054164
24323589
114799566
19202177
12831893
9408184
118702322
96104321
15512397
23662206
23381807
22612557
176187523
20162561
94360984
84255893
26700618
15123960
114617495
94232689
99882903
7731934
27598828
135835622
137780932
19391471
120434766
25505905
5511705
163125270
159694102
66245595
0776918
1458653
30999367
77133509
13403545
89453046
42223733
3654200
0827091
41986794
3076935
156125316
3937787
54167453
1980039
1922922
26159893
15836141
3316078
0436758
35071631
20637417
101252499
26868918
1691796
91410750
54971321
14885327
2759972
9106058
29842452
89960617
11434208
4098165
13348761
2432966
0183220
26928814
49773979
69869570
0169581
38440624
23310389
83358872
29805350
85215256
3034800
27725897
20924914
33849017
0150770
61455659
3150089
93432142
24839426
20920698
1075638
2130273
1091984
19362022
2861178
0392996
4996155
42634394
23719112
41094494
63294607
2538618
90128760
100125831
47880873
1578206
22680345
15438874
1604713
157454889
3423237
3946292
0713197
0558746
20490531
44086718
1540508
87871586
22920280
12428057
44535817
3440984
21346437
49263561
1864775
125406349
59351951
99775562
11718567
50940614
3382371
28336745
0447490
164739545
0092492
26062880
99967446
17274526
13517390
4800962
37260912
1888503
80021792
0374756
0381961
52465248
82146887
108882315
1498185
6151688
128080309
146330196
61524240
148567962
6486424
